TM(:,:,1) =
    0.9429    0.0482    0.0089
    0.0749    0.8483    0.0768
    0.0444    0.2864    0.6692
TM(:,:,2) =
    0.9412    0.0532    0.0055
    0.0685    0.8594    0.0721
    0.0295    0.2720    0.6985
TM(:,:,3) =
    0.9421    0.0485    0.0094
    0.0652    0.8686    0.0661
    0.0268    0.2785    0.6947
TM(:,:,4) =
    0.9467    0.0448    0.0085
    0.0634    0.8679    0.0687
    0.0359    0.2599    0.7042
TM(:,:,5) =
    0.9475    0.0411    0.0114
    0.0721    0.8539    0.0740
    0.0290    0.2874    0.6836
TM(:,:,6) =
    0.9492    0.0437    0.0072
    0.0712    0.8490    0.0798
    0.0394    0.3038    0.6567
TM(:,:,7) =
    0.9410    0.0479    0.0111
    0.0803    0.8584    0.0613
    0.0396    0.2535    0.7069
TM(:,:,8) =
    0.9474    0.0438    0.0088
    0.0705    0.8560    0.0735
    0.0211    0.3234    0.6556
TM(:,:,9) =
    0.9537    0.0391    0.0072
    0.0846    0.8472    0.0682
    0.0266    0.2784    0.6950
TM(:,:,10) =
    0.9442    0.0460    0.0098
    0.0768    0.8505    0.0727
    0.0281    0.2759    0.6960
TM(:,:,11) =
    0.9483    0.0461    0.0055
    0.0743    0.8421    0.0837
    0.0298    0.3235    0.6467
TM(:,:,12) =
    0.9515    0.0406    0.0079
    0.0599    0.8532    0.0869
    0.0388    0.3024    0.6588
TM(:,:,13) =
    0.9396    0.0467    0.0137
    0.0683    0.8605    0.0713
    0.0255    0.3112    0.6633
TM(:,:,14) =
    0.9493    0.0418    0.0089
    0.0864    0.8352    0.0784
    0.0377    0.3090    0.6533
TM(:,:,15) =
    0.9479    0.0444    0.0078
    0.0737    0.8459    0.0804
    0.0244    0.2741    0.7014
TM(:,:,16) =
    0.9504    0.0417    0.0079
    0.0599    0.8594    0.0807
    0.0492    0.2707    0.6801
TM(:,:,17) =
    0.9414    0.0502    0.0084
    0.0594    0.8635    0.0771
    0.0522    0.2628    0.6850
TM(:,:,18) =
    0.9561    0.0356    0.0083
    0.0677    0.8578    0.0744
    0.0445    0.2824    0.6732
TM(:,:,19) =
    0.9459    0.0484    0.0058
    0.0638    0.8599    0.0763
    0.0196    0.2942    0.6861
TM(:,:,20) =
    0.9480    0.0442    0.0078
    0.0679    0.8497    0.0824
    0.0401    0.2910    0.6689
TM(:,:,21) =
    0.9532    0.0406    0.0061
    0.0609    0.8567    0.0824
    0.0307    0.3025    0.6668
TM(:,:,22) =
    0.9507    0.0446    0.0047
    0.0634    0.8396    0.0970
    0.0373    0.3302    0.6325
TM(:,:,23) =
    0.9475    0.0476    0.0049
    0.0775    0.8384    0.0841
    0.0183    0.3053    0.6764
TM(:,:,24) =
    0.9369    0.0577    0.0054
    0.0674    0.8548    0.0778
    0.0187    0.3182    0.6631
TM(:,:,25) =
    0.9363    0.0553    0.0084
    0.0628    0.8746    0.0626
    0.0317    0.3095    0.6588
TM(:,:,26) =
    0.9493    0.0452    0.0055
    0.0696    0.8597    0.0707
    0.0208    0.2779    0.7013
TM(:,:,27) =
    0.9441    0.0504    0.0055
    0.0600    0.8686    0.0713
    0.0117    0.2960    0.6923
TM(:,:,28) =
    0.9511    0.0430    0.0059
    0.0587    0.8593    0.0820
    0.0166    0.3245    0.6588
TM(:,:,29) =
    0.9430    0.0534    0.0036
    0.0646    0.8613    0.0741
    0.0119    0.3545    0.6335
TM(:,:,30) =
    0.9490    0.0467    0.0043
    0.0661    0.8644    0.0695
    0.0272    0.2828    0.6901
TM(:,:,31) =
    0.9448    0.0503    0.0050
    0.0746    0.8526    0.0728
    0.0175    0.2898    0.6928
TM(:,:,32) =
    0.9375    0.0566    0.0059
    0.0809    0.8486    0.0705
    0.0148    0.2933    0.6919
TM(:,:,33) =
    0.9378    0.0570    0.0052
    0.0748    0.8500    0.0752
    0.0334    0.3134    0.6532
TM(:,:,34) =
    0.9393    0.0547    0.0060
    0.0787    0.8444    0.0770
    0.0227    0.3376    0.6397
TM(:,:,35) =
    0.9485    0.0459    0.0056
    0.0757    0.8485    0.0758
    0.0228    0.3051    0.6721
TM(:,:,36) =
    0.9440    0.0476    0.0084
    0.0843    0.8364    0.0793
    0.0446    0.2777    0.6776
TM(:,:,37) =
    0.9481    0.0454    0.0065
    0.0807    0.8337    0.0855
    0.0277    0.3534    0.6190
TM(:,:,38) =
    0.9424    0.0493    0.0084
    0.0841    0.8332    0.0827
    0.0586    0.3136    0.6278
TM(:,:,39) =
    0.9400    0.0527    0.0072
    0.0851    0.8390    0.0760
    0.0373    0.3387    0.6240
TM(:,:,40) =
    0.9472    0.0482    0.0047
    0.0804    0.8453    0.0743
    0.0276    0.2845    0.6879
TM(:,:,41) =
    0.9468    0.0453    0.0080
    0.0714    0.8450    0.0836
    0.0275    0.2977    0.6748
TM(:,:,42) =
    0.9412    0.0516    0.0071
    0.0673    0.8600    0.0727
    0.0287    0.2963    0.6750
TM(:,:,43) =
    0.9404    0.0525    0.0071
    0.0751    0.8514    0.0734
    0.0367    0.3037    0.6596
TM(:,:,44) =
    0.9463    0.0469    0.0069
    0.0764    0.8610    0.0626
    0.0319    0.3137    0.6544
TM(:,:,45) =
    0.9421    0.0510    0.0068
    0.0824    0.8415    0.0761
    0.0293    0.3237    0.6470
TM(:,:,46) =
    0.9437    0.0500    0.0063
    0.0699    0.8559    0.0742
    0.0213    0.3025    0.6762
TM(:,:,47) =
    0.9460    0.0474    0.0066
    0.0749    0.8508    0.0743
    0.0272    0.2953    0.6774
TM(:,:,48) =
    0.9428    0.0522    0.0049
    0.0745    0.8418    0.0837
    0.0213    0.3243    0.6544
TM(:,:,49) =
    0.9444    0.0511    0.0045
    0.0866    0.8419    0.0715
    0.0288    0.2948    0.6764
TM(:,:,50) =
    0.9395    0.0512    0.0093
    0.0728    0.8449    0.0823
    0.0289    0.3029    0.6682
TM(:,:,51) =
    0.9394    0.0530    0.0075
    0.0887    0.8371    0.0741
    0.0250    0.2881    0.6869
TM(:,:,52) =
    0.9423    0.0498    0.0079
    0.0762    0.8399    0.0840
    0.0242    0.2855    0.6903
TM(:,:,53) =
    0.9362    0.0515    0.0123
    0.0750    0.8419    0.0831
    0.0130    0.3292    0.6578
TM(:,:,54) =
    0.9480    0.0423    0.0097
    0.0712    0.8460    0.0829
    0.0203    0.3408    0.6389
TM(:,:,55) =
    0.9445    0.0485    0.0070
    0.0839    0.8326    0.0834
    0.0132    0.3643    0.6225
TM(:,:,56) =
    0.9445    0.0463    0.0092
    0.0751    0.8530    0.0719
    0.0172    0.3072    0.6756
TM(:,:,57) =
    0.9447    0.0454    0.0099
    0.0756    0.8550    0.0694
    0.0201    0.2704    0.7095
TM(:,:,58) =
    0.9438    0.0504    0.0058
    0.0659    0.8503    0.0838
    0.0110    0.3052    0.6838
TM(:,:,59) =
    0.9442    0.0500    0.0059
    0.0643    0.8544    0.0813
    0.0264    0.3051    0.6685
TM(:,:,60) =
    0.9424    0.0510    0.0066
    0.0789    0.8445    0.0766
    0.0172    0.3386    0.6441
TM(:,:,61) =
    0.9486    0.0443    0.0071
    0.0784    0.8363    0.0852
    0.0311    0.2872    0.6818
TM(:,:,62) =
    0.9505    0.0406    0.0089
    0.0727    0.8555    0.0718
    0.0542    0.2697    0.6761
TM(:,:,63) =
    0.9470    0.0433    0.0097
    0.0710    0.8424    0.0865
    0.0501    0.3042    0.6457
TM(:,:,64) =
    0.9467    0.0485    0.0047
    0.0769    0.8465    0.0767
    0.0510    0.3022    0.6467
TM(:,:,65) =
    0.9360    0.0568    0.0072
    0.0837    0.8454    0.0709
    0.0493    0.2870    0.6637
TM(:,:,66) =
    0.9399    0.0495    0.0107
    0.0863    0.8380    0.0757
    0.0414    0.3035    0.6551
TM(:,:,67) =
    0.9392    0.0497    0.0111
    0.0880    0.8324    0.0796
    0.0303    0.2985    0.6712
TM(:,:,68) =
    0.9365    0.0553    0.0082
    0.0869    0.8343    0.0788
    0.0169    0.2973    0.6858
TM(:,:,69) =
    0.9475    0.0487    0.0038
    0.0775    0.8423    0.0803
    0.0182    0.2785    0.7034
TM(:,:,70) =
    0.9568    0.0356    0.0075
    0.0694    0.8390    0.0916
    0.0160    0.3700    0.6140
TM(:,:,71) =
    0.9493    0.0408    0.0099
    0.0749    0.8318    0.0933
    0.0315    0.3392    0.6293
TM(:,:,72) =
    0.9492    0.0407    0.0101
    0.0644    0.8394    0.0962
    0.0323    0.3238    0.6439
TM(:,:,73) =
    0.9484    0.0460    0.0056
    0.0725    0.8491    0.0785
    0.0258    0.3018    0.6724
TM(:,:,74) =
    0.9438    0.0486    0.0075
    0.0699    0.8572    0.0729
    0.0235    0.3011    0.6754
TM(:,:,75) =
    0.9488    0.0424    0.0088
    0.0753    0.8436    0.0810
    0.0186    0.3208    0.6606
TM(:,:,76) =
    0.9425    0.0485    0.0090
    0.0755    0.8514    0.0732
    0.0355    0.3200    0.6445
TM(:,:,77) =
    0.9431    0.0473    0.0096
    0.0865    0.8349    0.0786
    0.0263    0.3238    0.6499
TM(:,:,78) =
    0.9437    0.0484    0.0079
    0.0815    0.8414    0.0771
    0.0357    0.3152    0.6491
TM(:,:,79) =
    0.9397    0.0504    0.0099
    0.0751    0.8524    0.0725
    0.0413    0.2810    0.6777
TM(:,:,80) =
    0.9524    0.0388    0.0089
    0.0781    0.8376    0.0842
    0.0281    0.3364    0.6355
TM(:,:,81) =
    0.9368    0.0523    0.0108
    0.0730    0.8565    0.0705
    0.0264    0.2932    0.6804
TM(:,:,82) =
    0.9460    0.0476    0.0064
    0.0653    0.8462    0.0885
    0.0343    0.2932    0.6724
TM(:,:,83) =
    0.9489    0.0455    0.0056
    0.0621    0.8654    0.0725
    0.0370    0.2664    0.6966
TM(:,:,84) =
    0.9497    0.0419    0.0083
    0.0743    0.8538    0.0719
    0.0315    0.2780    0.6906
TM(:,:,85) =
    0.9457    0.0456    0.0087
    0.0630    0.8448    0.0923
    0.0305    0.2973    0.6723
TM(:,:,86) =
    0.9492    0.0440    0.0068
    0.0592    0.8657    0.0751
    0.0375    0.2912    0.6712
TM(:,:,87) =
    0.9485    0.0460    0.0055
    0.0635    0.8594    0.0771
    0.0335    0.3002    0.6663
TM(:,:,88) =
    0.9415    0.0552    0.0033
    0.0545    0.8727    0.0728
    0.0318    0.2838    0.6844
TM(:,:,89) =
    0.9513    0.0457    0.0030
    0.0475    0.8743    0.0782
    0.0390    0.2987    0.6623
TM(:,:,90) =
    0.9497    0.0449    0.0054
    0.0577    0.8639    0.0784
    0.0219    0.3055    0.6726
TM(:,:,91) =
    0.9489    0.0426    0.0086
    0.0628    0.8666    0.0706
    0.0235    0.2971    0.6794
TM(:,:,92) =
    0.9414    0.0526    0.0060
    0.0704    0.8575    0.0721
    0.0064    0.3407    0.6528
TM(:,:,93) =
    0.9426    0.0499    0.0075
    0.0773    0.8354    0.0873
    0.0191    0.3109    0.6699
TM(:,:,94) =
    0.9440    0.0503    0.0057
    0.0738    0.8448    0.0815
    0.0115    0.3098    0.6788
TM(:,:,95) =
    0.9494    0.0445    0.0061
    0.0727    0.8501    0.0771
    0.0182    0.3408    0.6410
TM(:,:,96) =
    0.9436    0.0513    0.0051
    0.0798    0.8257    0.0946
    0.0375    0.3083    0.6542
TM(:,:,97) =
    0.9475    0.0460    0.0064
    0.0589    0.8501    0.0910
    0.0420    0.3129    0.6451
TM(:,:,98) =
    0.9432    0.0524    0.0045
    0.0673    0.8558    0.0770
    0.0284    0.3143    0.6573
TM(:,:,99) =
    0.9444    0.0507    0.0049
    0.0636    0.8673    0.0691
    0.0236    0.3063    0.6701
TM(:,:,100) =
    0.9464    0.0484    0.0052
    0.0726    0.8528    0.0745
    0.0166    0.3252    0.6582
TM(:,:,101) =
    0.9426    0.0510    0.0064
    0.0628    0.8663    0.0709
    0.0148    0.3124    0.6727
TM(:,:,102) =
    0.9506    0.0419    0.0076
    0.0593    0.8753    0.0653
    0.0411    0.3113    0.6476
TM(:,:,103) =
    0.9512    0.0439    0.0049
    0.0627    0.8576    0.0797
    0.0277    0.3391    0.6331
TM(:,:,104) =
    0.9494    0.0446    0.0059
    0.0693    0.8422    0.0885
    0.0210    0.3146    0.6644
TM(:,:,105) =
    0.9480    0.0435    0.0085
    0.0738    0.8444    0.0818
    0.0306    0.3167    0.6526
TM(:,:,106) =
    0.9524    0.0394    0.0082
    0.0699    0.8580    0.0722
    0.0242    0.3228    0.6530
TM(:,:,107) =
    0.9484    0.0456    0.0059
    0.0793    0.8496    0.0711
    0.0327    0.2781    0.6892
TM(:,:,108) =
    0.9431    0.0512    0.0057
    0.0752    0.8427    0.0821
    0.0189    0.3059    0.6752
TM(:,:,109) =
    0.9443    0.0497    0.0061
    0.0712    0.8495    0.0793
    0.0169    0.3078    0.6753
TM(:,:,110) =
    0.9400    0.0553    0.0047
    0.0684    0.8493    0.0823
    0.0224    0.3065    0.6711
TM(:,:,111) =
    0.9483    0.0458    0.0060
    0.0576    0.8605    0.0819
    0.0302    0.2864    0.6835
TM(:,:,112) =
    0.9407    0.0549    0.0044
    0.0724    0.8423    0.0853
    0.0282    0.2983    0.6735
TM(:,:,113) =
    0.9428    0.0535    0.0037
    0.0732    0.8479    0.0789
    0.0245    0.2928    0.6827
TM(:,:,114) =
    0.9377    0.0580    0.0042
    0.0718    0.8528    0.0754
    0.0242    0.2670    0.7088
TM(:,:,115) =
    0.9350    0.0588    0.0062
    0.0811    0.8386    0.0803
    0.0385    0.2938    0.6677
TM(:,:,116) =
    0.9461    0.0484    0.0054
    0.0893    0.8289    0.0819
    0.0165    0.3391    0.6444
TM(:,:,117) =
    0.9377    0.0540    0.0083
    0.0724    0.8474    0.0802
    0.0299    0.2885    0.6816
TM(:,:,118) =
    0.9473    0.0453    0.0074
    0.0811    0.8310    0.0879
    0.0255    0.3172    0.6573
TM(:,:,119) =
    0.9421    0.0503    0.0076
    0.0802    0.8380    0.0818
    0.0343    0.3273    0.6384
TM(:,:,120) =
    0.9499    0.0443    0.0058
    0.0693    0.8372    0.0936
    0.0319    0.2958    0.6723
TM(:,:,121) =
    0.9351    0.0563    0.0086
    0.0803    0.8275    0.0922
    0.0358    0.3170    0.6471
TM(:,:,122) =
    0.9430    0.0480    0.0090
    0.0741    0.8479    0.0780
    0.0257    0.2770    0.6973
TM(:,:,123) =
    0.9512    0.0426    0.0062
    0.0774    0.8434    0.0792
    0.0210    0.3041    0.6749
TM(:,:,124) =
    0.9461    0.0465    0.0074
    0.0753    0.8439    0.0808
    0.0393    0.2807    0.6801
TM(:,:,125) =
    0.9519    0.0446    0.0035
    0.0646    0.8582    0.0772
    0.0285    0.3269    0.6445
TM(:,:,126) =
    0.9452    0.0497    0.0052
    0.0742    0.8330    0.0928
    0.0289    0.3150    0.6561
TM(:,:,127) =
    0.9426    0.0518    0.0056
    0.0778    0.8309    0.0913
    0.0391    0.3104    0.6504
TM(:,:,128) =
    0.9432    0.0528    0.0040
    0.0856    0.8355    0.0789
    0.0461    0.2898    0.6641
TM(:,:,129) =
    0.9449    0.0480    0.0071
    0.0801    0.8322    0.0877
    0.0367    0.2849    0.6784
TM(:,:,130) =
    0.9445    0.0449    0.0106
    0.0756    0.8412    0.0833
    0.0383    0.3027    0.6590
TM(:,:,131) =
    0.9417    0.0458    0.0125
    0.0868    0.8287    0.0844
    0.0310    0.3000    0.6690
TM(:,:,132) =
    0.9416    0.0491    0.0093
    0.0789    0.8379    0.0832
    0.0293    0.2834    0.6874
TM(:,:,133) =
    0.9376    0.0533    0.0091
    0.0786    0.8531    0.0683
    0.0320    0.2753    0.6927
TM(:,:,134) =
    0.9417    0.0516    0.0067
    0.0811    0.8459    0.0730
    0.0238    0.2634    0.7129
TM(:,:,135) =
    0.9487    0.0435    0.0078
    0.0732    0.8435    0.0834
    0.0342    0.2770    0.6888
TM(:,:,136) =
    0.9338    0.0570    0.0093
    0.0760    0.8492    0.0747
    0.0087    0.3470    0.6443
TM(:,:,137) =
    0.9378    0.0539    0.0083
    0.0810    0.8405    0.0784
    0.0198    0.3259    0.6543
TM(:,:,138) =
    0.9359    0.0579    0.0062
    0.0775    0.8478    0.0747
    0.0188    0.2475    0.7338
TM(:,:,139) =
    0.9421    0.0527    0.0051
    0.0850    0.8359    0.0791
    0.0251    0.2872    0.6877
TM(:,:,140) =
    0.9508    0.0424    0.0069
    0.0755    0.8407    0.0838
    0.0295    0.3096    0.6610
TM(:,:,141) =
    0.9495    0.0450    0.0056
    0.0650    0.8468    0.0882
    0.0134    0.3129    0.6737
TM(:,:,142) =
    0.9527    0.0432    0.0042
    0.0716    0.8429    0.0856
    0.0170    0.2877    0.6953
TM(:,:,143) =
    0.9451    0.0492    0.0057
    0.0811    0.8348    0.0841
    0.0200    0.2902    0.6898
TM(:,:,144) =
    0.9439    0.0503    0.0058
    0.0803    0.8390    0.0807
    0.0142    0.3362    0.6496
TM(:,:,145) =
    0.9359    0.0585    0.0057
    0.0906    0.8171    0.0923
    0.0184    0.3392    0.6424
TM(:,:,146) =
    0.9412    0.0525    0.0063
    0.0901    0.8388    0.0711
    0.0061    0.3243    0.6696
TM(:,:,147) =
    0.9391    0.0530    0.0079
    0.0928    0.8261    0.0810
    0.0226    0.2859    0.6915
TM(:,:,148) =
    0.9328    0.0594    0.0079
    0.0872    0.8246    0.0882
    0.0216    0.3327    0.6456
TM(:,:,149) =
    0.9331    0.0601    0.0067
    0.1014    0.8183    0.0804
    0.0096    0.3240    0.6665
TM(:,:,150) =
    0.9430    0.0523    0.0047
    0.0893    0.8211    0.0897
    0.0172    0.3340    0.6486
TM(:,:,151) =
    0.9412    0.0505    0.0082
    0.0908    0.8260    0.0832
    0.0317    0.3103    0.6580
TM(:,:,152) =
    0.9413    0.0483    0.0104
    0.0895    0.8357    0.0747
    0.0348    0.3162    0.6491
TM(:,:,153) =
    0.9346    0.0555    0.0099
    0.0861    0.8327    0.0811
    0.0238    0.3277    0.6484
TM(:,:,154) =
    0.9426    0.0508    0.0067
    0.0888    0.8382    0.0729
    0.0352    0.2829    0.6819
TM(:,:,155) =
    0.9410    0.0527    0.0063
    0.0811    0.8431    0.0758
    0.0369    0.3011    0.6620
TM(:,:,156) =
    0.9448    0.0488    0.0064
    0.0702    0.8474    0.0824
    0.0434    0.2953    0.6612
TM(:,:,157) =
    0.9513    0.0428    0.0059
    0.0734    0.8495    0.0770
    0.0391    0.2910    0.6699
TM(:,:,158) =
    0.9428    0.0502    0.0070
    0.0778    0.8486    0.0736
    0.0281    0.2936    0.6783
TM(:,:,159) =
    0.9490    0.0425    0.0085
    0.0669    0.8552    0.0779
    0.0312    0.3158    0.6530
TM(:,:,160) =
    0.9461    0.0482    0.0057
    0.0854    0.8350    0.0796
    0.0435    0.2862    0.6703
TM(:,:,161) =
    0.9405    0.0528    0.0067
    0.0790    0.8477    0.0733
    0.0242    0.3027    0.6731
TM(:,:,162) =
    0.9473    0.0447    0.0080
    0.0699    0.8522    0.0779
    0.0187    0.3270    0.6543
TM(:,:,163) =
    0.9487    0.0440    0.0073
    0.0642    0.8629    0.0729
    0.0274    0.3148    0.6578
TM(:,:,164) =
    0.9574    0.0371    0.0055
    0.0621    0.8582    0.0796
    0.0443    0.2826    0.6730
TM(:,:,165) =
    0.9567    0.0366    0.0067
    0.0596    0.8698    0.0706
    0.0310    0.2804    0.6887
TM(:,:,166) =
    0.9468    0.0459    0.0073
    0.0649    0.8627    0.0723
    0.0244    0.3074    0.6682
TM(:,:,167) =
    0.9460    0.0466    0.0073
    0.0737    0.8572    0.0691
    0.0170    0.3245    0.6585
TM(:,:,168) =
    0.9393    0.0507    0.0100
    0.0842    0.8353    0.0804
    0.0140    0.3232    0.6628
TM(:,:,169) =
    0.9481    0.0416    0.0103
    0.0690    0.8461    0.0849
    0.0392    0.2944    0.6665
TM(:,:,170) =
    0.9484    0.0393    0.0123
    0.0784    0.8400    0.0816
    0.0305    0.2986    0.6708
TM(:,:,171) =
    0.9540    0.0410    0.0049
    0.0549    0.8576    0.0875
    0.0591    0.3017    0.6392
TM(:,:,172) =
    0.9525    0.0380    0.0095
    0.0684    0.8529    0.0787
    0.0474    0.2649    0.6877
TM(:,:,173) =
    0.9480    0.0446    0.0075
    0.0669    0.8585    0.0746
    0.0341    0.3051    0.6608
TM(:,:,174) =
    0.9490    0.0420    0.0091
    0.0685    0.8570    0.0745
    0.0386    0.3013    0.6601
TM(:,:,175) =
    0.9477    0.0434    0.0088
    0.0690    0.8606    0.0703
    0.0419    0.2638    0.6943
TM(:,:,176) =
    0.9489    0.0431    0.0079
    0.0578    0.8709    0.0713
    0.0391    0.2743    0.6866
TM(:,:,177) =
    0.9529    0.0428    0.0043
    0.0534    0.8778    0.0688
    0.0287    0.2890    0.6823
TM(:,:,178) =
    0.9421    0.0526    0.0054
    0.0624    0.8558    0.0818
    0.0479    0.2848    0.6673
TM(:,:,179) =
    0.9398    0.0528    0.0074
    0.0719    0.8537    0.0744
    0.0231    0.2933    0.6836
TM(:,:,180) =
    0.9431    0.0508    0.0061
    0.0697    0.8490    0.0813
    0.0246    0.3153    0.6601
TM(:,:,181) =
    0.9496    0.0447    0.0057
    0.0716    0.8490    0.0794
    0.0287    0.2909    0.6804
TM(:,:,182) =
    0.9470    0.0486    0.0044
    0.0754    0.8483    0.0764
    0.0179    0.3425    0.6395
TM(:,:,183) =
    0.9506    0.0427    0.0067
    0.0737    0.8482    0.0781
    0.0218    0.3369    0.6408
TM(:,:,184) =
    0.9461    0.0441    0.0098
    0.0748    0.8413    0.0839
    0.0184    0.3240    0.6576
TM(:,:,185) =
    0.9460    0.0423    0.0118
    0.0685    0.8539    0.0775
    0.0392    0.2883    0.6725
TM(:,:,186) =
    0.9398    0.0524    0.0078
    0.0754    0.8461    0.0786
    0.0223    0.2893    0.6884
TM(:,:,187) =
    0.9496    0.0427    0.0077
    0.0740    0.8506    0.0754
    0.0322    0.2879    0.6799
TM(:,:,188) =
    0.9381    0.0507    0.0112
    0.0873    0.8303    0.0824
    0.0225    0.2958    0.6817
TM(:,:,189) =
    0.9386    0.0539    0.0076
    0.0913    0.8240    0.0847
    0.0050    0.3762    0.6189
TM(:,:,190) =
    0.9390    0.0562    0.0048
    0.0827    0.8353    0.0820
    0.0089    0.3274    0.6637
TM(:,:,191) =
    0.9323    0.0603    0.0073
    0.0911    0.8342    0.0747
    0.0048    0.3344    0.6609
TM(:,:,192) =
    0.9391    0.0551    0.0059
    0.1022    0.8230    0.0748
    0.0192    0.3362    0.6447
TM(:,:,193) =
    0.9401    0.0505    0.0094
    0.0884    0.8291    0.0824
    0.0294    0.3161    0.6545
TM(:,:,194) =
    0.9486    0.0441    0.0073
    0.0796    0.8362    0.0843
    0.0266    0.3128    0.6606
TM(:,:,195) =
    0.9454    0.0447    0.0099
    0.0826    0.8419    0.0755
    0.0380    0.2768    0.6852
TM(:,:,196) =
    0.9469    0.0471    0.0060
    0.0751    0.8502    0.0747
    0.0279    0.2906    0.6815
TM(:,:,197) =
    0.9470    0.0426    0.0104
    0.0768    0.8535    0.0697
    0.0257    0.3007    0.6736
TM(:,:,198) =
    0.9449    0.0491    0.0061
    0.0836    0.8401    0.0763
    0.0408    0.2680    0.6912
TM(:,:,199) =
    0.9476    0.0449    0.0076
    0.0717    0.8423    0.0861
    0.0294    0.3150    0.6557
TM(:,:,200) =
    0.9498    0.0414    0.0088
    0.0664    0.8527    0.0809
    0.0412    0.3038    0.6550
TM(:,:,201) =
    0.9465    0.0449    0.0085
    0.0728    0.8484    0.0788
    0.0184    0.3197    0.6619
TM(:,:,202) =
    0.9437    0.0480    0.0083
    0.0722    0.8481    0.0797
    0.0303    0.2844    0.6853
TM(:,:,203) =
    0.9425    0.0494    0.0081
    0.0641    0.8582    0.0776
    0.0291    0.3073    0.6635
TM(:,:,204) =
    0.9444    0.0467    0.0089
    0.0741    0.8403    0.0856
    0.0428    0.2718    0.6854
TM(:,:,205) =
    0.9448    0.0472    0.0080
    0.0724    0.8387    0.0889
    0.0540    0.2909    0.6551
TM(:,:,206) =
    0.9443    0.0480    0.0077
    0.0753    0.8601    0.0646
    0.0426    0.2897    0.6677
TM(:,:,207) =
    0.9437    0.0460    0.0103
    0.0724    0.8491    0.0785
    0.0514    0.3004    0.6482
TM(:,:,208) =
    0.9503    0.0388    0.0109
    0.0653    0.8571    0.0776
    0.0537    0.3146    0.6318
TM(:,:,209) =
    0.9510    0.0439    0.0051
    0.0631    0.8447    0.0921
    0.0362    0.3115    0.6523
TM(:,:,210) =
    0.9520    0.0405    0.0075
    0.0603    0.8605    0.0792
    0.0488    0.2750    0.6762
TM(:,:,211) =
    0.9447    0.0458    0.0095
    0.0658    0.8599    0.0743
    0.0273    0.2879    0.6849
TM(:,:,212) =
    0.9459    0.0450    0.0092
    0.0714    0.8521    0.0765
    0.0368    0.2593    0.7039
TM(:,:,213) =
    0.9473    0.0438    0.0089
    0.0759    0.8411    0.0829
    0.0216    0.2752    0.7032
TM(:,:,214) =
    0.9454    0.0502    0.0045
    0.0683    0.8438    0.0880
    0.0334    0.2518    0.7147
TM(:,:,215) =
    0.9426    0.0456    0.0118
    0.0719    0.8502    0.0778
    0.0399    0.2812    0.6785
TM(:,:,216) =
    0.9454    0.0469    0.0077
    0.0784    0.8501    0.0715
    0.0439    0.2781    0.6780
TM(:,:,217) =
    0.9390    0.0527    0.0083
    0.0799    0.8456    0.0745
    0.0332    0.2975    0.6693
TM(:,:,218) =
    0.9447    0.0479    0.0075
    0.0779    0.8432    0.0789
    0.0411    0.2752    0.6836
TM(:,:,219) =
    0.9398    0.0505    0.0097
    0.0817    0.8397    0.0785
    0.0352    0.2816    0.6832
TM(:,:,220) =
    0.9475    0.0450    0.0074
    0.0755    0.8456    0.0789
    0.0222    0.3572    0.6206
TM(:,:,221) =
    0.9415    0.0491    0.0094
    0.0687    0.8445    0.0868
    0.0258    0.3272    0.6470
TM(:,:,222) =
    0.9462    0.0450    0.0088
    0.0841    0.8423    0.0736
    0.0225    0.3421    0.6354
TM(:,:,223) =
    0.9485    0.0432    0.0083
    0.0748    0.8422    0.0830
    0.0186    0.3453    0.6361
TM(:,:,224) =
    0.9508    0.0443    0.0049
    0.0764    0.8475    0.0761
    0.0144    0.3474    0.6382
TM(:,:,225) =
    0.9473    0.0465    0.0062
    0.0783    0.8438    0.0779
    0.0094    0.3165    0.6741
TM(:,:,226) =
    0.9466    0.0457    0.0077
    0.0850    0.8371    0.0779
    0.0021    0.3217    0.6762
TM(:,:,227) =
    0.9427    0.0491    0.0083
    0.0699    0.8580    0.0722
    0.0105    0.3170    0.6725
TM(:,:,228) =
    0.9405    0.0529    0.0066
    0.0671    0.8640    0.0688
    0.0036    0.2953    0.7010
TM(:,:,229) =
    0.9462    0.0439    0.0098
    0.0726    0.8543    0.0730
    0.0024    0.3449    0.6527
TM(:,:,230) =
    0.9409    0.0507    0.0083
    0.0814    0.8347    0.0839
    0.0186    0.3369    0.6445
TM(:,:,231) =
    0.9389    0.0522    0.0089
    0.0879    0.8300    0.0820
    0.0122    0.3443    0.6435
TM(:,:,232) =
    0.9458    0.0491    0.0051
    0.0791    0.8455    0.0754
    0.0101    0.3243    0.6657
TM(:,:,233) =
    0.9468    0.0445    0.0088
    0.0724    0.8580    0.0697
    0.0208    0.3243    0.6549
TM(:,:,234) =
    0.9468    0.0467    0.0065
    0.0693    0.8465    0.0842
    0.0360    0.2800    0.6840
TM(:,:,235) =
    0.9499    0.0427    0.0074
    0.0617    0.8588    0.0795
    0.0411    0.2787    0.6803
TM(:,:,236) =
    0.9436    0.0512    0.0052
    0.0604    0.8518    0.0878
    0.0443    0.2748    0.6809
TM(:,:,237) =
    0.9459    0.0474    0.0066
    0.0608    0.8648    0.0744
    0.0309    0.2774    0.6917
TM(:,:,238) =
    0.9404    0.0505    0.0090
    0.0685    0.8598    0.0717
    0.0287    0.3038    0.6675
TM(:,:,239) =
    0.9488    0.0436    0.0076
    0.0621    0.8541    0.0838
    0.0388    0.3142    0.6470
TM(:,:,240) =
    0.9487    0.0458    0.0055
    0.0695    0.8365    0.0940
    0.0408    0.3079    0.6514
TM(:,:,241) =
    0.9459    0.0451    0.0090
    0.0785    0.8393    0.0822
    0.0318    0.2751    0.6931
TM(:,:,242) =
    0.9470    0.0477    0.0053
    0.0686    0.8443    0.0871
    0.0217    0.3031    0.6752
TM(:,:,243) =
    0.9454    0.0463    0.0083
    0.0762    0.8424    0.0814
    0.0278    0.2979    0.6743
TM(:,:,244) =
    0.9471    0.0466    0.0063
    0.0757    0.8355    0.0888
    0.0100    0.3193    0.6707
TM(:,:,245) =
    0.9432    0.0502    0.0066
    0.0739    0.8356    0.0906
    0.0089    0.3790    0.6121
TM(:,:,246) =
    0.9389    0.0512    0.0099
    0.0874    0.8314    0.0812
    0.0032    0.3430    0.6538
TM(:,:,247) =
    0.9381    0.0534    0.0085
    0.0837    0.8452    0.0711
    0.0062    0.3284    0.6654
TM(:,:,248) =
    0.9375    0.0517    0.0108
    0.0850    0.8297    0.0853
    0.0149    0.3622    0.6229
TM(:,:,249) =
    0.9436    0.0486    0.0078
    0.0781    0.8453    0.0765
    0.0291    0.3224    0.6484
TM(:,:,250) =
    0.9509    0.0405    0.0085
    0.0693    0.8557    0.0750
    0.0367    0.3184    0.6449
TM(:,:,251) =
    0.9548    0.0377    0.0075
    0.0637    0.8588    0.0775
    0.0197    0.3083    0.6719
TM(:,:,252) =
    0.9395    0.0501    0.0104
    0.0818    0.8466    0.0716
    0.0217    0.3381    0.6402
TM(:,:,253) =
    0.9428    0.0478    0.0094
    0.0656    0.8474    0.0870
    0.0181    0.3324    0.6495
TM(:,:,254) =
    0.9547    0.0381    0.0071
    0.0737    0.8516    0.0747
    0.0343    0.3230    0.6428
TM(:,:,255) =
    0.9449    0.0480    0.0071
    0.0779    0.8533    0.0688
    0.0293    0.2883    0.6824
TM(:,:,256) =
    0.9481    0.0408    0.0112
    0.0712    0.8500    0.0789
    0.0452    0.3254    0.6294
TM(:,:,257) =
    0.9542    0.0371    0.0087
    0.0717    0.8535    0.0748
    0.0333    0.3426    0.6241
TM(:,:,258) =
    0.9455    0.0466    0.0079
    0.0688    0.8691    0.0620
    0.0254    0.2552    0.7193
TM(:,:,259) =
    0.9490    0.0441    0.0068
    0.0773    0.8389    0.0838
    0.0525    0.2854    0.6621
TM(:,:,260) =
    0.9422    0.0496    0.0082
    0.0779    0.8504    0.0717
    0.0597    0.2767    0.6635
TM(:,:,261) =
    0.9488    0.0454    0.0059
    0.0804    0.8322    0.0874
    0.0355    0.3106    0.6539
TM(:,:,262) =
    0.9505    0.0438    0.0057
    0.0799    0.8416    0.0785
    0.0350    0.2984    0.6666
TM(:,:,263) =
    0.9440    0.0496    0.0064
    0.0957    0.8353    0.0690
    0.0178    0.2976    0.6847
TM(:,:,264) =
    0.9327    0.0620    0.0052
    0.0948    0.8327    0.0725
    0.0280    0.3017    0.6703
TM(:,:,265) =
    0.9326    0.0606    0.0069
    0.1034    0.8070    0.0896
    0.0138    0.3098    0.6763
TM(:,:,266) =
    0.9262    0.0655    0.0083
    0.1001    0.8158    0.0842
    0.0226    0.3170    0.6605
TM(:,:,267) =
    0.9428    0.0498    0.0074
    0.0829    0.8407    0.0764
    0.0294    0.2933    0.6773
TM(:,:,268) =
    0.9399    0.0535    0.0066
    0.0739    0.8401    0.0860
    0.0256    0.3051    0.6693
TM(:,:,269) =
    0.9501    0.0439    0.0060
    0.0719    0.8423    0.0858
    0.0242    0.3162    0.6596
TM(:,:,270) =
    0.9431    0.0467    0.0102
    0.0769    0.8483    0.0748
    0.0361    0.3443    0.6195
TM(:,:,271) =
    0.9471    0.0459    0.0070
    0.0627    0.8640    0.0733
    0.0201    0.3189    0.6609
TM(:,:,272) =
    0.9494    0.0424    0.0082
    0.0603    0.8500    0.0897
    0.0389    0.3238    0.6373
TM(:,:,273) =
    0.9521    0.0425    0.0054
    0.0623    0.8423    0.0954
    0.0311    0.3285    0.6404
TM(:,:,274) =
    0.9482    0.0469    0.0050
    0.0613    0.8609    0.0778
    0.0305    0.3095    0.6600
TM(:,:,275) =
    0.9478    0.0462    0.0060
    0.0595    0.8629    0.0776
    0.0192    0.3361    0.6448
TM(:,:,276) =
    0.9539    0.0381    0.0080
    0.0718    0.8530    0.0753
    0.0209    0.3255    0.6537
TM(:,:,277) =
    0.9456    0.0477    0.0067
    0.0609    0.8669    0.0722
    0.0266    0.3077    0.6657
TM(:,:,278) =
    0.9466    0.0454    0.0080
    0.0681    0.8401    0.0917
    0.0439    0.2743    0.6818
TM(:,:,279) =
    0.9447    0.0448    0.0105
    0.0774    0.8355    0.0870
    0.0261    0.2838    0.6901
TM(:,:,280) =
    0.9437    0.0485    0.0078
    0.0790    0.8376    0.0834
    0.0207    0.3201    0.6592
TM(:,:,281) =
    0.9397    0.0535    0.0068
    0.0776    0.8323    0.0901
    0.0218    0.3388    0.6394
TM(:,:,282) =
    0.9386    0.0572    0.0043
    0.0756    0.8469    0.0775
    0.0260    0.3154    0.6587
TM(:,:,283) =
    0.9354    0.0595    0.0052
    0.0875    0.8319    0.0806
    0.0241    0.3157    0.6602
TM(:,:,284) =
    0.9380    0.0559    0.0062
    0.0954    0.8159    0.0887
    0.0290    0.3010    0.6701
TM(:,:,285) =
    0.9324    0.0613    0.0063
    0.0929    0.8236    0.0836
    0.0326    0.2963    0.6711
TM(:,:,286) =
    0.9350    0.0587    0.0064
    0.0951    0.8288    0.0761
    0.0136    0.3085    0.6780
TM(:,:,287) =
    0.9310    0.0584    0.0107
    0.1024    0.8264    0.0712
    0.0068    0.3041    0.6891
TM(:,:,288) =
    0.9385    0.0573    0.0042
    0.1043    0.8035    0.0922
    0.0111    0.3231    0.6658
TM(:,:,289) =
    0.9383    0.0571    0.0046
    0.0947    0.8178    0.0875
    0.0099    0.3217    0.6684
TM(:,:,290) =
    0.9385    0.0572    0.0042
    0.0853    0.8272    0.0875
    0.0240    0.3170    0.6591
TM(:,:,291) =
    0.9415    0.0553    0.0032
    0.0831    0.8309    0.0860
    0.0278    0.3453    0.6269
TM(:,:,292) =
    0.9386    0.0549    0.0065
    0.0851    0.8347    0.0802
    0.0207    0.3140    0.6654
TM(:,:,293) =
    0.9367    0.0575    0.0058
    0.0725    0.8415    0.0860
    0.0207    0.3059    0.6734
TM(:,:,294) =
    0.9386    0.0575    0.0039
    0.0783    0.8364    0.0853
    0.0178    0.3025    0.6797
TM(:,:,295) =
    0.9380    0.0587    0.0034
    0.0717    0.8437    0.0846
    0.0153    0.3555    0.6291
TM(:,:,296) =
    0.9375    0.0557    0.0068
    0.0791    0.8487    0.0722
    0.0223    0.3106    0.6671
TM(:,:,297) =
    0.9467    0.0482    0.0051
    0.0656    0.8559    0.0785
    0.0324    0.2708    0.6968
TM(:,:,298) =
    0.9497    0.0423    0.0080
    0.0592    0.8659    0.0749
    0.0274    0.2944    0.6783
TM(:,:,299) =
    0.9535    0.0393    0.0072
    0.0643    0.8616    0.0741
    0.0246    0.2850    0.6904
TM(:,:,300) =
    0.9488    0.0440    0.0072
    0.0591    0.8667    0.0742
    0.0236    0.2938    0.6827
TM(:,:,301) =
    0.9469    0.0484    0.0047
    0.0604    0.8586    0.0811
    0.0252    0.2881    0.6867
TM(:,:,302) =
    0.9386    0.0543    0.0071
    0.0770    0.8426    0.0803
    0.0234    0.3138    0.6628
TM(:,:,303) =
    0.9472    0.0469    0.0058
    0.0717    0.8534    0.0749
    0.0332    0.2991    0.6677
TM(:,:,304) =
    0.9425    0.0491    0.0083
    0.0725    0.8564    0.0711
    0.0370    0.2783    0.6847
TM(:,:,305) =
    0.9478    0.0453    0.0069
    0.0644    0.8382    0.0974
    0.0376    0.2807    0.6817
TM(:,:,306) =
    0.9478    0.0417    0.0105
    0.0672    0.8653    0.0675
    0.0367    0.3113    0.6519
TM(:,:,307) =
    0.9367    0.0500    0.0133
    0.0684    0.8549    0.0768
    0.0327    0.2686    0.6987
TM(:,:,308) =
    0.9516    0.0397    0.0087
    0.0592    0.8646    0.0762
    0.0194    0.3182    0.6624
TM(:,:,309) =
    0.9508    0.0408    0.0084
    0.0661    0.8567    0.0772
    0.0174    0.2939    0.6888
TM(:,:,310) =
    0.9523    0.0405    0.0072
    0.0643    0.8545    0.0812
    0.0363    0.3083    0.6554
TM(:,:,311) =
    0.9505    0.0421    0.0074
    0.0536    0.8539    0.0925
    0.0262    0.3103    0.6635
TM(:,:,312) =
    0.9532    0.0392    0.0075
    0.0501    0.8762    0.0737
    0.0381    0.3000    0.6618
TM(:,:,313) =
    0.9496    0.0448    0.0056
    0.0579    0.8636    0.0785
    0.0308    0.3027    0.6665
TM(:,:,314) =
    0.9484    0.0429    0.0087
    0.0637    0.8598    0.0765
    0.0241    0.2693    0.7066
TM(:,:,315) =
    0.9506    0.0455    0.0039
    0.0493    0.8664    0.0843
    0.0437    0.2526    0.7037
TM(:,:,316) =
    0.9454    0.0488    0.0058
    0.0709    0.8332    0.0959
    0.0269    0.2831    0.6899
TM(:,:,317) =
    0.9536    0.0413    0.0051
    0.0585    0.8566    0.0849
    0.0488    0.2858    0.6654
TM(:,:,318) =
    0.9489    0.0389    0.0122
    0.0617    0.8575    0.0809
    0.0325    0.3092    0.6584
TM(:,:,319) =
    0.9521    0.0424    0.0055
    0.0648    0.8539    0.0813
    0.0360    0.3146    0.6494
TM(:,:,320) =
    0.9523    0.0426    0.0051
    0.0652    0.8514    0.0834
    0.0335    0.3144    0.6521
TM(:,:,321) =
    0.9504    0.0445    0.0051
    0.0631    0.8591    0.0778
    0.0303    0.3077    0.6620
TM(:,:,322) =
    0.9469    0.0460    0.0070
    0.0717    0.8492    0.0790
    0.0219    0.3065    0.6716
TM(:,:,323) =
    0.9472    0.0420    0.0107
    0.0747    0.8550    0.0702
    0.0352    0.2980    0.6668
TM(:,:,324) =
    0.9478    0.0405    0.0117
    0.0741    0.8483    0.0776
    0.0367    0.2766    0.6867
TM(:,:,325) =
    0.9458    0.0426    0.0116
    0.0756    0.8563    0.0681
    0.0307    0.2858    0.6835
TM(:,:,326) =
    0.9447    0.0446    0.0107
    0.0610    0.8664    0.0726
    0.0343    0.2734    0.6924
TM(:,:,327) =
    0.9501    0.0448    0.0051
    0.0561    0.8592    0.0847
    0.0238    0.3081    0.6681
TM(:,:,328) =
    0.9427    0.0488    0.0085
    0.0635    0.8596    0.0770
    0.0143    0.3244    0.6614
TM(:,:,329) =
    0.9503    0.0420    0.0077
    0.0569    0.8658    0.0773
    0.0181    0.3174    0.6645
TM(:,:,330) =
    0.9510    0.0421    0.0069
    0.0558    0.8709    0.0733
    0.0120    0.3001    0.6879
TM(:,:,331) =
    0.9525    0.0397    0.0077
    0.0606    0.8612    0.0782
    0.0187    0.2757    0.7057
TM(:,:,332) =
    0.9527    0.0412    0.0060
    0.0572    0.8739    0.0690
    0.0098    0.2996    0.6906
TM(:,:,333) =
    0.9531    0.0387    0.0082
    0.0526    0.8706    0.0769
    0.0187    0.2980    0.6834
TM(:,:,334) =
    0.9518    0.0415    0.0067
    0.0556    0.8665    0.0779
    0.0207    0.3238    0.6555
TM(:,:,335) =
    0.9510    0.0451    0.0040
    0.0598    0.8473    0.0928
    0.0242    0.3286    0.6472
TM(:,:,336) =
    0.9481    0.0432    0.0087
    0.0595    0.8593    0.0813
    0.0342    0.2903    0.6755
TM(:,:,337) =
    0.9441    0.0503    0.0056
    0.0740    0.8410    0.0850
    0.0301    0.3029    0.6670
TM(:,:,338) =
    0.9392    0.0555    0.0053
    0.0646    0.8576    0.0778
    0.0585    0.2840    0.6575
TM(:,:,339) =
    0.9459    0.0470    0.0071
    0.0564    0.8729    0.0708
    0.0329    0.2539    0.7132
TM(:,:,340) =
    0.9429    0.0506    0.0065
    0.0695    0.8490    0.0815
    0.0351    0.3143    0.6506
TM(:,:,341) =
    0.9506    0.0425    0.0070
    0.0679    0.8618    0.0703
    0.0219    0.2804    0.6977
TM(:,:,342) =
    0.9485    0.0425    0.0090
    0.0602    0.8683    0.0714
    0.0206    0.2511    0.7283
TM(:,:,343) =
    0.9532    0.0412    0.0056
    0.0622    0.8669    0.0710
    0.0319    0.2677    0.7003
TM(:,:,344) =
    0.9534    0.0397    0.0069
    0.0569    0.8600    0.0832
    0.0131    0.3079    0.6791
TM(:,:,345) =
    0.9403    0.0506    0.0091
    0.0641    0.8598    0.0761
    0.0125    0.3305    0.6570
TM(:,:,346) =
    0.9444    0.0509    0.0046
    0.0727    0.8465    0.0808
    0.0147    0.3167    0.6686
TM(:,:,347) =
    0.9353    0.0592    0.0055
    0.0839    0.8343    0.0818
    0.0145    0.3092    0.6762
TM(:,:,348) =
    0.9394    0.0585    0.0020
    0.0788    0.8359    0.0853
    0.0257    0.3439    0.6304
TM(:,:,349) =
    0.9430    0.0523    0.0047
    0.0738    0.8356    0.0906
    0.0215    0.3259    0.6526
TM(:,:,350) =
    0.9348    0.0566    0.0086
    0.0936    0.8250    0.0814
    0.0290    0.2817    0.6893
TM(:,:,351) =
    0.9471    0.0430    0.0099
    0.0757    0.8515    0.0728
    0.0252    0.2918    0.6830
TM(:,:,352) =
    0.9470    0.0475    0.0055
    0.0685    0.8522    0.0793
    0.0157    0.2991    0.6852
TM(:,:,353) =
    0.9392    0.0532    0.0076
    0.0676    0.8589    0.0736
    0.0130    0.2927    0.6943
TM(:,:,354) =
    0.9435    0.0480    0.0085
    0.0567    0.8701    0.0732
    0.0068    0.2839    0.7093
TM(:,:,355) =
    0.9467    0.0475    0.0058
    0.0678    0.8562    0.0760
    0.0112    0.2993    0.6895
TM(:,:,356) =
    0.9419    0.0535    0.0047
    0.0745    0.8436    0.0819
    0.0212    0.3382    0.6406
TM(:,:,357) =
    0.9422    0.0485    0.0094
    0.0623    0.8672    0.0705
    0.0224    0.3042    0.6734
TM(:,:,358) =
    0.9477    0.0473    0.0050
    0.0656    0.8549    0.0795
    0.0140    0.2966    0.6894
TM(:,:,359) =
    0.9452    0.0490    0.0058
    0.0547    0.8820    0.0634
    0.0215    0.2946    0.6840
TM(:,:,360) =
    0.9452    0.0525    0.0023
    0.0596    0.8658    0.0746
    0.0179    0.2903    0.6918
TM(:,:,361) =
    0.9483    0.0494    0.0023
    0.0546    0.8706    0.0748
    0.0215    0.2805    0.6981
TM(:,:,362) =
    0.9493    0.0462    0.0045
    0.0536    0.8607    0.0856
    0.0174    0.3424    0.6402
TM(:,:,363) =
    0.9462    0.0483    0.0055
    0.0587    0.8598    0.0815
    0.0194    0.3004    0.6802
TM(:,:,364) =
    0.9406    0.0539    0.0055
    0.0730    0.8444    0.0826
    0.0333    0.3093    0.6574
TM(:,:,365) =
    0.9498    0.0440    0.0062
    0.0617    0.8640    0.0743
    0.0353    0.3227    0.6420
TM(:,:,366) =
    0.9475    0.0446    0.0079
    0.0725    0.8468    0.0807
    0.0217    0.3029    0.6754
TM(:,:,367) =
    0.9459    0.0455    0.0086
    0.0739    0.8544    0.0717
    0.0358    0.3234    0.6408
TM(:,:,368) =
    0.9457    0.0454    0.0089
    0.0777    0.8449    0.0774
    0.0353    0.3103    0.6544
TM(:,:,369) =
    0.9423    0.0511    0.0066
    0.0803    0.8427    0.0769
    0.0263    0.3134    0.6603
TM(:,:,370) =
    0.9493    0.0450    0.0057
    0.0673    0.8569    0.0758
    0.0354    0.2941    0.6704
TM(:,:,371) =
    0.9483    0.0455    0.0061
    0.0711    0.8533    0.0756
    0.0280    0.2994    0.6726
TM(:,:,372) =
    0.9503    0.0400    0.0096
    0.0686    0.8452    0.0862
    0.0277    0.2981    0.6742
TM(:,:,373) =
    0.9440    0.0484    0.0077
    0.0664    0.8451    0.0885
    0.0354    0.3242    0.6405
TM(:,:,374) =
    0.9480    0.0471    0.0050
    0.0782    0.8383    0.0835
    0.0244    0.3216    0.6540
TM(:,:,375) =
    0.9460    0.0502    0.0038
    0.0803    0.8336    0.0862
    0.0371    0.2981    0.6648
TM(:,:,376) =
    0.9449    0.0483    0.0068
    0.0701    0.8510    0.0789
    0.0193    0.3214    0.6593
TM(:,:,377) =
    0.9474    0.0438    0.0089
    0.0734    0.8609    0.0657
    0.0320    0.2908    0.6771
TM(:,:,378) =
    0.9391    0.0501    0.0107
    0.0743    0.8587    0.0670
    0.0288    0.3029    0.6683
TM(:,:,379) =
    0.9366    0.0574    0.0060
    0.0830    0.8469    0.0700
    0.0194    0.3092    0.6714
TM(:,:,380) =
    0.9342    0.0584    0.0074
    0.0795    0.8481    0.0724
    0.0132    0.3391    0.6477
TM(:,:,381) =
    0.9408    0.0530    0.0062
    0.0762    0.8441    0.0797
    0.0186    0.3365    0.6449
TM(:,:,382) =
    0.9464    0.0496    0.0040
    0.0820    0.8444    0.0736
    0.0353    0.3201    0.6446
TM(:,:,383) =
    0.9403    0.0561    0.0036
    0.0771    0.8314    0.0915
    0.0394    0.2908    0.6698
TM(:,:,384) =
    0.9436    0.0473    0.0092
    0.0771    0.8440    0.0789
    0.0387    0.3188    0.6424
TM(:,:,385) =
    0.9463    0.0474    0.0063
    0.0850    0.8300    0.0850
    0.0392    0.3151    0.6458
TM(:,:,386) =
    0.9390    0.0560    0.0050
    0.0782    0.8338    0.0880
    0.0300    0.3210    0.6491
TM(:,:,387) =
    0.9397    0.0499    0.0105
    0.0927    0.8218    0.0855
    0.0303    0.3507    0.6190
TM(:,:,388) =
    0.9398    0.0485    0.0117
    0.0733    0.8423    0.0843
    0.0349    0.3148    0.6503
TM(:,:,389) =
    0.9429    0.0483    0.0088
    0.0780    0.8513    0.0707
    0.0366    0.2661    0.6973
TM(:,:,390) =
    0.9465    0.0461    0.0074
    0.0729    0.8438    0.0833
    0.0324    0.2980    0.6696
TM(:,:,391) =
    0.9392    0.0528    0.0080
    0.0716    0.8445    0.0839
    0.0474    0.2838    0.6688
TM(:,:,392) =
    0.9481    0.0469    0.0050
    0.0621    0.8541    0.0838
    0.0449    0.3161    0.6389
TM(:,:,393) =
    0.9457    0.0476    0.0067
    0.0725    0.8393    0.0883
    0.0436    0.3350    0.6215
TM(:,:,394) =
    0.9478    0.0432    0.0091
    0.0811    0.8306    0.0883
    0.0396    0.3098    0.6506
TM(:,:,395) =
    0.9454    0.0477    0.0069
    0.0776    0.8350    0.0870
    0.0480    0.3302    0.6218
TM(:,:,396) =
    0.9436    0.0500    0.0063
    0.0814    0.8426    0.0760
    0.0263    0.3408    0.6329
TM(:,:,397) =
    0.9374    0.0538    0.0087
    0.0815    0.8391    0.0794
    0.0332    0.3104    0.6563
TM(:,:,398) =
    0.9413    0.0535    0.0052
    0.0832    0.8322    0.0846
    0.0279    0.3128    0.6592
TM(:,:,399) =
    0.9442    0.0528    0.0030
    0.0819    0.8539    0.0642
    0.0229    0.2873    0.6898
TM(:,:,400) =
    0.9435    0.0511    0.0054
    0.0853    0.8349    0.0798
    0.0164    0.3105    0.6731
TM(:,:,401) =
    0.9457    0.0469    0.0074
    0.0805    0.8348    0.0847
    0.0197    0.3483    0.6321
TM(:,:,402) =
    0.9468    0.0478    0.0053
    0.0667    0.8515    0.0818
    0.0339    0.2963    0.6698
TM(:,:,403) =
    0.9462    0.0472    0.0067
    0.0683    0.8495    0.0822
    0.0307    0.2874    0.6819
TM(:,:,404) =
    0.9417    0.0513    0.0070
    0.0741    0.8440    0.0819
    0.0242    0.3117    0.6642
TM(:,:,405) =
    0.9414    0.0519    0.0067
    0.0913    0.8299    0.0788
    0.0202    0.2980    0.6818
TM(:,:,406) =
    0.9347    0.0600    0.0052
    0.0947    0.8230    0.0823
    0.0196    0.3721    0.6083
TM(:,:,407) =
    0.9409    0.0536    0.0055
    0.0821    0.8406    0.0773
    0.0395    0.3136    0.6469
TM(:,:,408) =
    0.9368    0.0550    0.0082
    0.0858    0.8406    0.0736
    0.0425    0.2503    0.7072
TM(:,:,409) =
    0.9422    0.0489    0.0089
    0.0718    0.8572    0.0710
    0.0402    0.2360    0.7238
TM(:,:,410) =
    0.9474    0.0449    0.0077
    0.0723    0.8540    0.0737
    0.0639    0.2795    0.6567
TM(:,:,411) =
    0.9470    0.0428    0.0102
    0.0703    0.8397    0.0900
    0.0496    0.2906    0.6598
TM(:,:,412) =
    0.9509    0.0393    0.0098
    0.0717    0.8495    0.0788
    0.0347    0.2883    0.6769
TM(:,:,413) =
    0.9478    0.0467    0.0055
    0.0743    0.8527    0.0730
    0.0376    0.2968    0.6656
TM(:,:,414) =
    0.9520    0.0404    0.0077
    0.0562    0.8674    0.0764
    0.0385    0.2908    0.6707
TM(:,:,415) =
    0.9524    0.0385    0.0091
    0.0630    0.8495    0.0874
    0.0373    0.2852    0.6774
TM(:,:,416) =
    0.9512    0.0409    0.0079
    0.0573    0.8637    0.0790
    0.0567    0.2917    0.6516
TM(:,:,417) =
    0.9493    0.0409    0.0097
    0.0639    0.8648    0.0713
    0.0321    0.2946    0.6734
TM(:,:,418) =
    0.9449    0.0458    0.0092
    0.0767    0.8568    0.0665
    0.0399    0.2463    0.7138
TM(:,:,419) =
    0.9391    0.0504    0.0105
    0.0798    0.8450    0.0752
    0.0261    0.2896    0.6843
TM(:,:,420) =
    0.9360    0.0538    0.0102
    0.0774    0.8516    0.0710
    0.0364    0.2896    0.6740
TM(:,:,421) =
    0.9457    0.0438    0.0105
    0.0728    0.8654    0.0618
    0.0263    0.3072    0.6664
TM(:,:,422) =
    0.9507    0.0397    0.0096
    0.0705    0.8633    0.0662
    0.0354    0.2653    0.6993
TM(:,:,423) =
    0.9444    0.0456    0.0100
    0.0782    0.8474    0.0743
    0.0324    0.2869    0.6807
TM(:,:,424) =
    0.9480    0.0423    0.0097
    0.0786    0.8410    0.0804
    0.0293    0.2676    0.7031
TM(:,:,425) =
    0.9402    0.0543    0.0054
    0.0844    0.8361    0.0795
    0.0237    0.3047    0.6716
TM(:,:,426) =
    0.9514    0.0441    0.0045
    0.0661    0.8546    0.0793
    0.0501    0.2497    0.7001
TM(:,:,427) =
    0.9464    0.0451    0.0085
    0.0578    0.8716    0.0705
    0.0316    0.2555    0.7129
TM(:,:,428) =
    0.9529    0.0406    0.0065
    0.0688    0.8458    0.0854
    0.0272    0.2996    0.6732
TM(:,:,429) =
    0.9405    0.0531    0.0064
    0.0671    0.8533    0.0796
    0.0305    0.3058    0.6637
TM(:,:,430) =
    0.9333    0.0606    0.0061
    0.0731    0.8399    0.0870
    0.0207    0.3263    0.6530
TM(:,:,431) =
    0.9418    0.0501    0.0081
    0.0667    0.8503    0.0830
    0.0228    0.2960    0.6813
TM(:,:,432) =
    0.9501    0.0433    0.0067
    0.0635    0.8448    0.0918
    0.0219    0.3173    0.6608
TM(:,:,433) =
    0.9436    0.0495    0.0069
    0.0789    0.8457    0.0753
    0.0131    0.3428    0.6441
TM(:,:,434) =
    0.9446    0.0468    0.0086
    0.0838    0.8426    0.0737
    0.0312    0.3160    0.6528
TM(:,:,435) =
    0.9485    0.0447    0.0068
    0.0757    0.8512    0.0730
    0.0189    0.3066    0.6745
TM(:,:,436) =
    0.9393    0.0539    0.0068
    0.0811    0.8328    0.0861
    0.0187    0.3121    0.6692
TM(:,:,437) =
    0.9390    0.0554    0.0056
    0.0755    0.8355    0.0890
    0.0178    0.2963    0.6859
TM(:,:,438) =
    0.9359    0.0601    0.0040
    0.0773    0.8400    0.0827
    0.0196    0.3142    0.6662
TM(:,:,439) =
    0.9381    0.0576    0.0043
    0.0668    0.8504    0.0829
    0.0206    0.3050    0.6744
TM(:,:,440) =
    0.9356    0.0584    0.0059
    0.0732    0.8375    0.0893
    0.0212    0.2966    0.6821
TM(:,:,441) =
    0.9391    0.0541    0.0068
    0.0681    0.8529    0.0789
    0.0269    0.2956    0.6775
TM(:,:,442) =
    0.9489    0.0449    0.0062
    0.0656    0.8515    0.0829
    0.0215    0.2763    0.7022
TM(:,:,443) =
    0.9469    0.0487    0.0044
    0.0749    0.8420    0.0831
    0.0269    0.2979    0.6752
TM(:,:,444) =
    0.9509    0.0448    0.0042
    0.0608    0.8583    0.0809
    0.0438    0.2966    0.6595
TM(:,:,445) =
    0.9560    0.0381    0.0059
    0.0593    0.8718    0.0689
    0.0226    0.3050    0.6724
TM(:,:,446) =
    0.9513    0.0416    0.0071
    0.0553    0.8678    0.0769
    0.0287    0.3141    0.6572
TM(:,:,447) =
    0.9521    0.0400    0.0079
    0.0666    0.8637    0.0696
    0.0139    0.3007    0.6854
TM(:,:,448) =
    0.9449    0.0500    0.0052
    0.0626    0.8594    0.0780
    0.0376    0.2960    0.6664
TM(:,:,449) =
    0.9474    0.0452    0.0074
    0.0611    0.8566    0.0823
    0.0283    0.3293    0.6424
TM(:,:,450) =
    0.9471    0.0472    0.0057
    0.0678    0.8397    0.0925
    0.0328    0.3262    0.6410
TM(:,:,451) =
    0.9448    0.0477    0.0075
    0.0693    0.8318    0.0989
    0.0245    0.3398    0.6357
TM(:,:,452) =
    0.9322    0.0612    0.0066
    0.0731    0.8581    0.0688
    0.0405    0.2980    0.6616
TM(:,:,453) =
    0.9298    0.0625    0.0077
    0.0891    0.8465    0.0643
    0.0294    0.2769    0.6937
TM(:,:,454) =
    0.9410    0.0509    0.0081
    0.1041    0.8139    0.0820
    0.0374    0.2651    0.6975
TM(:,:,455) =
    0.9357    0.0555    0.0088
    0.0667    0.8567    0.0767
    0.0420    0.2713    0.6867
TM(:,:,456) =
    0.9400    0.0520    0.0080
    0.0661    0.8600    0.0739
    0.0468    0.2496    0.7036
TM(:,:,457) =
    0.9413    0.0533    0.0054
    0.0741    0.8455    0.0804
    0.0343    0.3040    0.6617
TM(:,:,458) =
    0.9418    0.0470    0.0112
    0.0761    0.8465    0.0775
    0.0341    0.2828    0.6831
TM(:,:,459) =
    0.9409    0.0499    0.0092
    0.0778    0.8527    0.0695
    0.0296    0.2878    0.6826
TM(:,:,460) =
    0.9442    0.0472    0.0086
    0.0821    0.8549    0.0630
    0.0196    0.2761    0.7044
TM(:,:,461) =
    0.9408    0.0530    0.0061
    0.0779    0.8502    0.0718
    0.0191    0.2853    0.6956
TM(:,:,462) =
    0.9423    0.0520    0.0057
    0.0771    0.8475    0.0754
    0.0353    0.2843    0.6804
TM(:,:,463) =
    0.9458    0.0478    0.0064
    0.0674    0.8432    0.0894
    0.0428    0.2893    0.6679
TM(:,:,464) =
    0.9440    0.0466    0.0094
    0.0798    0.8389    0.0813
    0.0231    0.3032    0.6737
TM(:,:,465) =
    0.9463    0.0453    0.0083
    0.0824    0.8408    0.0768
    0.0293    0.2852    0.6855
TM(:,:,466) =
    0.9394    0.0492    0.0114
    0.0773    0.8414    0.0813
    0.0393    0.3043    0.6564
TM(:,:,467) =
    0.9361    0.0551    0.0088
    0.0820    0.8381    0.0800
    0.0292    0.3043    0.6665
TM(:,:,468) =
    0.9381    0.0521    0.0098
    0.0776    0.8401    0.0823
    0.0260    0.2949    0.6791
TM(:,:,469) =
    0.9353    0.0550    0.0097
    0.0866    0.8414    0.0720
    0.0147    0.3342    0.6511
TM(:,:,470) =
    0.9388    0.0544    0.0067
    0.0858    0.8285    0.0857
    0.0179    0.3249    0.6572
TM(:,:,471) =
    0.9433    0.0498    0.0068
    0.0824    0.8382    0.0794
    0.0203    0.3340    0.6457
TM(:,:,472) =
    0.9496    0.0445    0.0059
    0.0797    0.8479    0.0724
    0.0099    0.3220    0.6680
TM(:,:,473) =
    0.9426    0.0503    0.0071
    0.0840    0.8451    0.0709
    0.0157    0.3334    0.6509
TM(:,:,474) =
    0.9395    0.0532    0.0073
    0.0769    0.8504    0.0728
    0.0222    0.2890    0.6888
TM(:,:,475) =
    0.9444    0.0502    0.0054
    0.0648    0.8636    0.0716
    0.0269    0.2903    0.6829
TM(:,:,476) =
    0.9457    0.0469    0.0074
    0.0703    0.8562    0.0735
    0.0253    0.2978    0.6770
TM(:,:,477) =
    0.9414    0.0528    0.0058
    0.0733    0.8559    0.0708
    0.0276    0.2948    0.6776
TM(:,:,478) =
    0.9441    0.0513    0.0046
    0.0707    0.8543    0.0750
    0.0274    0.3159    0.6567
TM(:,:,479) =
    0.9357    0.0583    0.0060
    0.0694    0.8468    0.0838
    0.0111    0.3540    0.6349
TM(:,:,480) =
    0.9417    0.0534    0.0049
    0.0712    0.8501    0.0787
    0.0027    0.3452    0.6521
TM(:,:,481) =
    0.9472    0.0477    0.0051
    0.0689    0.8447    0.0864
    0.0092    0.3208    0.6700
TM(:,:,482) =
    0.9483    0.0453    0.0064
    0.0676    0.8547    0.0777
    0.0053    0.3397    0.6549
TM(:,:,483) =
    0.9536    0.0398    0.0066
    0.0664    0.8456    0.0880
    0.0150    0.3331    0.6519
TM(:,:,484) =
    0.9541    0.0401    0.0058
    0.0646    0.8467    0.0888
    0.0235    0.3299    0.6466
TM(:,:,485) =
    0.9483    0.0441    0.0075
    0.0718    0.8492    0.0790
    0.0238    0.3002    0.6760
TM(:,:,486) =
    0.9487    0.0435    0.0078
    0.0767    0.8429    0.0804
    0.0264    0.2978    0.6758
TM(:,:,487) =
    0.9514    0.0391    0.0095
    0.0708    0.8552    0.0741
    0.0265    0.2984    0.6750
TM(:,:,488) =
    0.9433    0.0457    0.0110
    0.0789    0.8417    0.0794
    0.0533    0.2954    0.6513
TM(:,:,489) =
    0.9419    0.0544    0.0038
    0.0938    0.8177    0.0885
    0.0289    0.3304    0.6408
TM(:,:,490) =
    0.9391    0.0533    0.0076
    0.0866    0.8233    0.0901
    0.0472    0.3069    0.6459
TM(:,:,491) =
    0.9383    0.0540    0.0077
    0.0861    0.8348    0.0791
    0.0391    0.3179    0.6430
TM(:,:,492) =
    0.9441    0.0514    0.0045
    0.0802    0.8341    0.0857
    0.0236    0.3241    0.6523
TM(:,:,493) =
    0.9511    0.0407    0.0082
    0.0826    0.8358    0.0816
    0.0289    0.3424    0.6287
TM(:,:,494) =
    0.9531    0.0384    0.0085
    0.0737    0.8517    0.0746
    0.0278    0.3273    0.6449
TM(:,:,495) =
    0.9460    0.0460    0.0079
    0.0637    0.8512    0.0851
    0.0475    0.3342    0.6183
TM(:,:,496) =
    0.9448    0.0456    0.0096
    0.0875    0.8273    0.0853
    0.0479    0.3321    0.6200
TM(:,:,497) =
    0.9524    0.0406    0.0071
    0.0671    0.8597    0.0732
    0.0402    0.2774    0.6824
TM(:,:,498) =
    0.9357    0.0525    0.0118
    0.0688    0.8581    0.0731
    0.0450    0.2852    0.6698
TM(:,:,499) =
    0.9530    0.0394    0.0076
    0.0598    0.8635    0.0767
    0.0401    0.2821    0.6777
TM(:,:,500) =
    0.9509    0.0410    0.0080
    0.0556    0.8820    0.0624
    0.0179    0.2842    0.6979
TM(:,:,501) =
    0.9497    0.0403    0.0100
    0.0628    0.8643    0.0729
    0.0364    0.2833    0.6803
TM(:,:,502) =
    0.9460    0.0480    0.0060
    0.0644    0.8553    0.0803
    0.0314    0.2850    0.6837
TM(:,:,503) =
    0.9437    0.0499    0.0064
    0.0636    0.8580    0.0785
    0.0272    0.2831    0.6897
TM(:,:,504) =
    0.9533    0.0373    0.0094
    0.0662    0.8627    0.0711
    0.0351    0.2792    0.6857
TM(:,:,505) =
    0.9458    0.0449    0.0093
    0.0656    0.8577    0.0768
    0.0436    0.2703    0.6861
TM(:,:,506) =
    0.9452    0.0460    0.0089
    0.0671    0.8550    0.0779
    0.0211    0.2900    0.6889
TM(:,:,507) =
    0.9342    0.0578    0.0080
    0.0830    0.8380    0.0790
    0.0327    0.2763    0.6910
TM(:,:,508) =
    0.9466    0.0458    0.0076
    0.0658    0.8648    0.0694
    0.0370    0.2891    0.6738
TM(:,:,509) =
    0.9430    0.0469    0.0101
    0.0701    0.8576    0.0723
    0.0247    0.3053    0.6700
TM(:,:,510) =
    0.9435    0.0485    0.0081
    0.0820    0.8416    0.0764
    0.0148    0.3002    0.6850
TM(:,:,511) =
    0.9409    0.0484    0.0108
    0.0840    0.8359    0.0801
    0.0196    0.2565    0.7239
TM(:,:,512) =
    0.9434    0.0495    0.0071
    0.0782    0.8529    0.0688
    0.0256    0.2741    0.7004
TM(:,:,513) =
    0.9495    0.0428    0.0077
    0.0779    0.8431    0.0790
    0.0250    0.2779    0.6971
TM(:,:,514) =
    0.9470    0.0449    0.0081
    0.0839    0.8356    0.0805
    0.0279    0.3236    0.6485
TM(:,:,515) =
    0.9487    0.0418    0.0095
    0.0670    0.8529    0.0801
    0.0301    0.3186    0.6513
TM(:,:,516) =
    0.9484    0.0449    0.0067
    0.0737    0.8413    0.0850
    0.0193    0.3024    0.6783
TM(:,:,517) =
    0.9481    0.0440    0.0079
    0.0782    0.8402    0.0816
    0.0261    0.2938    0.6801
TM(:,:,518) =
    0.9494    0.0417    0.0088
    0.0789    0.8366    0.0846
    0.0315    0.3021    0.6664
TM(:,:,519) =
    0.9445    0.0473    0.0082
    0.0860    0.8359    0.0782
    0.0188    0.3032    0.6780
TM(:,:,520) =
    0.9472    0.0445    0.0083
    0.0763    0.8447    0.0790
    0.0283    0.2937    0.6780
TM(:,:,521) =
    0.9406    0.0540    0.0054
    0.0760    0.8361    0.0878
    0.0262    0.3507    0.6231
TM(:,:,522) =
    0.9402    0.0533    0.0065
    0.0823    0.8393    0.0784
    0.0323    0.3165    0.6512
TM(:,:,523) =
    0.9398    0.0562    0.0041
    0.0666    0.8542    0.0792
    0.0219    0.3064    0.6717
TM(:,:,524) =
    0.9435    0.0542    0.0023
    0.0732    0.8516    0.0752
    0.0134    0.3093    0.6773
TM(:,:,525) =
    0.9360    0.0604    0.0036
    0.0739    0.8508    0.0754
    0.0242    0.2958    0.6799
TM(:,:,526) =
    0.9417    0.0534    0.0048
    0.0756    0.8458    0.0785
    0.0211    0.2822    0.6967
TM(:,:,527) =
    0.9377    0.0556    0.0066
    0.0699    0.8471    0.0830
    0.0245    0.2976    0.6779
TM(:,:,528) =
    0.9399    0.0518    0.0082
    0.0608    0.8677    0.0715
    0.0322    0.2739    0.6939
TM(:,:,529) =
    0.9511    0.0434    0.0055
    0.0581    0.8723    0.0696
    0.0229    0.2964    0.6807
TM(:,:,530) =
    0.9473    0.0474    0.0053
    0.0700    0.8539    0.0761
    0.0344    0.2772    0.6883
TM(:,:,531) =
    0.9448    0.0477    0.0074
    0.0703    0.8530    0.0767
    0.0316    0.2772    0.6912
TM(:,:,532) =
    0.9409    0.0496    0.0095
    0.0847    0.8372    0.0782
    0.0385    0.2660    0.6955
TM(:,:,533) =
    0.9454    0.0481    0.0064
    0.0736    0.8551    0.0713
    0.0382    0.2723    0.6895
TM(:,:,534) =
    0.9418    0.0523    0.0060
    0.0797    0.8428    0.0775
    0.0488    0.2839    0.6673
TM(:,:,535) =
    0.9463    0.0457    0.0080
    0.0784    0.8409    0.0807
    0.0288    0.2935    0.6776
TM(:,:,536) =
    0.9482    0.0429    0.0089
    0.0838    0.8451    0.0710
    0.0279    0.3036    0.6685
TM(:,:,537) =
    0.9475    0.0426    0.0099
    0.0783    0.8321    0.0896
    0.0346    0.2933    0.6721
TM(:,:,538) =
    0.9469    0.0447    0.0084
    0.0726    0.8569    0.0706
    0.0218    0.3305    0.6477
TM(:,:,539) =
    0.9479    0.0421    0.0099
    0.0732    0.8430    0.0839
    0.0238    0.3123    0.6638
TM(:,:,540) =
    0.9506    0.0418    0.0076
    0.0633    0.8620    0.0747
    0.0296    0.3278    0.6426
TM(:,:,541) =
    0.9568    0.0355    0.0077
    0.0453    0.8731    0.0816
    0.0303    0.3164    0.6533
TM(:,:,542) =
    0.9635    0.0290    0.0075
    0.0548    0.8715    0.0737
    0.0393    0.2644    0.6962
TM(:,:,543) =
    0.9579    0.0370    0.0051
    0.0499    0.8575    0.0926
    0.0420    0.2954    0.6626
TM(:,:,544) =
    0.9536    0.0374    0.0090
    0.0568    0.8282    0.1150
    0.0447    0.2865    0.6689
TM(:,:,545) =
    0.9548    0.0366    0.0087
    0.0570    0.8516    0.0914
    0.0462    0.3021    0.6518
TM(:,:,546) =
    0.9524    0.0405    0.0072
    0.0817    0.8303    0.0881
    0.0485    0.3053    0.6462
TM(:,:,547) =
    0.9491    0.0386    0.0122
    0.0640    0.8510    0.0850
    0.0542    0.3019    0.6439
TM(:,:,548) =
    0.9497    0.0391    0.0112
    0.0862    0.8324    0.0814
    0.0445    0.2801    0.6754
TM(:,:,549) =
    0.9479    0.0382    0.0139
    0.0959    0.8189    0.0851
    0.0425    0.2878    0.6697
TM(:,:,550) =
    0.9443    0.0459    0.0098
    0.0934    0.8201    0.0865
    0.0435    0.2838    0.6727
TM(:,:,551) =
    0.9338    0.0568    0.0094
    0.1086    0.8187    0.0727
    0.0457    0.3251    0.6291
TM(:,:,552) =
    0.9431    0.0496    0.0073
    0.0901    0.8232    0.0867
    0.0308    0.3604    0.6088
TM(:,:,553) =
    0.9383    0.0540    0.0077
    0.0904    0.8318    0.0778
    0.0253    0.3047    0.6699
TM(:,:,554) =
    0.9421    0.0499    0.0080
    0.0662    0.8472    0.0866
    0.0346    0.2803    0.6851
TM(:,:,555) =
    0.9492    0.0447    0.0061
    0.0717    0.8491    0.0793
    0.0191    0.2928    0.6881
TM(:,:,556) =
    0.9421    0.0493    0.0086
    0.0784    0.8419    0.0796
    0.0530    0.2735    0.6735
TM(:,:,557) =
    0.9426    0.0490    0.0084
    0.0718    0.8585    0.0697
    0.0337    0.3032    0.6630
TM(:,:,558) =
    0.9495    0.0435    0.0070
    0.0684    0.8599    0.0716
    0.0291    0.2766    0.6943
TM(:,:,559) =
    0.9506    0.0432    0.0063
    0.0802    0.8468    0.0730
    0.0287    0.3034    0.6679
TM(:,:,560) =
    0.9449    0.0433    0.0118
    0.0755    0.8530    0.0715
    0.0348    0.2807    0.6845
TM(:,:,561) =
    0.9412    0.0470    0.0119
    0.0790    0.8418    0.0792
    0.0266    0.2706    0.7029
TM(:,:,562) =
    0.9425    0.0515    0.0061
    0.0814    0.8541    0.0645
    0.0379    0.2750    0.6872
TM(:,:,563) =
    0.9466    0.0468    0.0066
    0.0848    0.8462    0.0689
    0.0246    0.3232    0.6521
TM(:,:,564) =
    0.9404    0.0483    0.0113
    0.0682    0.8491    0.0827
    0.0347    0.3283    0.6370
TM(:,:,565) =
    0.9369    0.0570    0.0060
    0.0766    0.8484    0.0750
    0.0370    0.2937    0.6693
TM(:,:,566) =
    0.9444    0.0469    0.0087
    0.0874    0.8356    0.0770
    0.0316    0.2898    0.6786
TM(:,:,567) =
    0.9390    0.0517    0.0093
    0.0904    0.8260    0.0836
    0.0294    0.3230    0.6475
TM(:,:,568) =
    0.9463    0.0458    0.0079
    0.0761    0.8435    0.0804
    0.0264    0.3111    0.6625
TM(:,:,569) =
    0.9389    0.0512    0.0099
    0.0814    0.8398    0.0788
    0.0257    0.3070    0.6674
TM(:,:,570) =
    0.9457    0.0472    0.0071
    0.0777    0.8383    0.0840
    0.0233    0.3230    0.6537
TM(:,:,571) =
    0.9400    0.0546    0.0055
    0.0808    0.8360    0.0831
    0.0370    0.2937    0.6693
TM(:,:,572) =
    0.9436    0.0508    0.0056
    0.0783    0.8438    0.0779
    0.0328    0.3083    0.6589
TM(:,:,573) =
    0.9492    0.0404    0.0104
    0.0677    0.8612    0.0711
    0.0517    0.2897    0.6585
TM(:,:,574) =
    0.9443    0.0466    0.0091
    0.0692    0.8665    0.0643
    0.0289    0.3050    0.6661
TM(:,:,575) =
    0.9510    0.0392    0.0098
    0.0746    0.8503    0.0751
    0.0263    0.2790    0.6948
TM(:,:,576) =
    0.9487    0.0445    0.0068
    0.0806    0.8415    0.0779
    0.0350    0.2777    0.6873
TM(:,:,577) =
    0.9403    0.0502    0.0096
    0.0737    0.8458    0.0805
    0.0336    0.3178    0.6486
TM(:,:,578) =
    0.9437    0.0454    0.0109
    0.0672    0.8429    0.0898
    0.0529    0.2980    0.6492
TM(:,:,579) =
    0.9521    0.0403    0.0076
    0.0585    0.8623    0.0792
    0.0275    0.3000    0.6726
TM(:,:,580) =
    0.9414    0.0498    0.0088
    0.0743    0.8441    0.0816
    0.0483    0.2820    0.6697
TM(:,:,581) =
    0.9387    0.0508    0.0105
    0.0732    0.8483    0.0785
    0.0367    0.2762    0.6871
TM(:,:,582) =
    0.9437    0.0482    0.0081
    0.0787    0.8341    0.0872
    0.0543    0.3198    0.6259
TM(:,:,583) =
    0.9414    0.0527    0.0060
    0.0806    0.8493    0.0701
    0.0429    0.2914    0.6658
TM(:,:,584) =
    0.9359    0.0601    0.0040
    0.0772    0.8388    0.0840
    0.0356    0.2871    0.6773
TM(:,:,585) =
    0.9316    0.0641    0.0042
    0.0724    0.8548    0.0728
    0.0448    0.2722    0.6829
TM(:,:,586) =
    0.9428    0.0516    0.0057
    0.0802    0.8443    0.0755
    0.0213    0.3054    0.6733
TM(:,:,587) =
    0.9436    0.0473    0.0091
    0.0836    0.8445    0.0719
    0.0255    0.3524    0.6221
TM(:,:,588) =
    0.9392    0.0518    0.0090
    0.0933    0.8232    0.0835
    0.0285    0.2919    0.6796
TM(:,:,589) =
    0.9399    0.0567    0.0034
    0.0809    0.8375    0.0816
    0.0336    0.3357    0.6307
TM(:,:,590) =
    0.9433    0.0495    0.0072
    0.0804    0.8460    0.0736
    0.0343    0.2930    0.6727
TM(:,:,591) =
    0.9437    0.0516    0.0047
    0.0850    0.8391    0.0759
    0.0267    0.3072    0.6661
TM(:,:,592) =
    0.9470    0.0426    0.0104
    0.0608    0.8564    0.0828
    0.0375    0.3177    0.6448
TM(:,:,593) =
    0.9383    0.0501    0.0117
    0.0800    0.8400    0.0800
    0.0310    0.3099    0.6591
TM(:,:,594) =
    0.9433    0.0472    0.0095
    0.0710    0.8482    0.0808
    0.0259    0.3243    0.6498
TM(:,:,595) =
    0.9456    0.0459    0.0085
    0.0735    0.8540    0.0725
    0.0200    0.3133    0.6667
TM(:,:,596) =
    0.9463    0.0421    0.0116
    0.0846    0.8489    0.0665
    0.0291    0.2912    0.6797
TM(:,:,597) =
    0.9428    0.0464    0.0109
    0.0910    0.8409    0.0681
    0.0251    0.3136    0.6612
TM(:,:,598) =
    0.9391    0.0534    0.0076
    0.0811    0.8480    0.0709
    0.0191    0.2857    0.6951
TM(:,:,599) =
    0.9452    0.0461    0.0088
    0.0758    0.8566    0.0676
    0.0297    0.2816    0.6887
TM(:,:,600) =
    0.9476    0.0457    0.0067
    0.0703    0.8581    0.0716
    0.0264    0.2958    0.6778
TM(:,:,601) =
    0.9481    0.0441    0.0078
    0.0670    0.8509    0.0821
    0.0414    0.2865    0.6721
TM(:,:,602) =
    0.9516    0.0402    0.0081
    0.0649    0.8456    0.0895
    0.0241    0.3134    0.6625
TM(:,:,603) =
    0.9465    0.0469    0.0066
    0.0703    0.8558    0.0739
    0.0259    0.3273    0.6468
TM(:,:,604) =
    0.9493    0.0433    0.0074
    0.0688    0.8540    0.0771
    0.0317    0.3000    0.6683
TM(:,:,605) =
    0.9496    0.0451    0.0053
    0.0664    0.8487    0.0849
    0.0340    0.2918    0.6742
TM(:,:,606) =
    0.9512    0.0442    0.0046
    0.0723    0.8445    0.0832
    0.0107    0.3232    0.6661
TM(:,:,607) =
    0.9478    0.0454    0.0068
    0.0725    0.8475    0.0800
    0.0195    0.2917    0.6888
TM(:,:,608) =
    0.9565    0.0370    0.0065
    0.0575    0.8688    0.0737
    0.0211    0.3334    0.6455
TM(:,:,609) =
    0.9528    0.0421    0.0052
    0.0663    0.8558    0.0779
    0.0136    0.3110    0.6754
TM(:,:,610) =
    0.9489    0.0467    0.0043
    0.0615    0.8620    0.0765
    0.0251    0.3065    0.6685
TM(:,:,611) =
    0.9542    0.0366    0.0092
    0.0502    0.8811    0.0688
    0.0279    0.2913    0.6808
TM(:,:,612) =
    0.9526    0.0371    0.0103
    0.0591    0.8611    0.0798
    0.0279    0.3236    0.6485
TM(:,:,613) =
    0.9602    0.0348    0.0050
    0.0567    0.8491    0.0942
    0.0615    0.2669    0.6716
TM(:,:,614) =
    0.9535    0.0391    0.0074
    0.0689    0.8432    0.0878
    0.0320    0.2801    0.6879
TM(:,:,615) =
    0.9460    0.0444    0.0096
    0.0810    0.8329    0.0862
    0.0378    0.2829    0.6793
TM(:,:,616) =
    0.9502    0.0436    0.0062
    0.0734    0.8505    0.0761
    0.0214    0.3128    0.6658
TM(:,:,617) =
    0.9523    0.0385    0.0092
    0.0634    0.8600    0.0766
    0.0180    0.3055    0.6765
TM(:,:,618) =
    0.9417    0.0481    0.0103
    0.0753    0.8395    0.0852
    0.0444    0.2689    0.6867
TM(:,:,619) =
    0.9407    0.0524    0.0069
    0.0818    0.8331    0.0850
    0.0308    0.3137    0.6554
TM(:,:,620) =
    0.9368    0.0550    0.0082
    0.0829    0.8347    0.0824
    0.0267    0.3445    0.6288
TM(:,:,621) =
    0.9410    0.0527    0.0063
    0.0844    0.8369    0.0787
    0.0285    0.2859    0.6856
TM(:,:,622) =
    0.9410    0.0519    0.0071
    0.0767    0.8515    0.0719
    0.0418    0.3043    0.6540
TM(:,:,623) =
    0.9381    0.0547    0.0072
    0.0882    0.8406    0.0712
    0.0345    0.2690    0.6965
TM(:,:,624) =
    0.9442    0.0445    0.0112
    0.0666    0.8640    0.0693
    0.0531    0.2612    0.6857
TM(:,:,625) =
    0.9452    0.0453    0.0095
    0.0869    0.8319    0.0812
    0.0340    0.2958    0.6702
TM(:,:,626) =
    0.9430    0.0472    0.0097
    0.0764    0.8439    0.0796
    0.0542    0.2884    0.6574
TM(:,:,627) =
    0.9457    0.0448    0.0095
    0.0812    0.8469    0.0719
    0.0352    0.2743    0.6904
TM(:,:,628) =
    0.9358    0.0540    0.0102
    0.0804    0.8481    0.0715
    0.0362    0.3060    0.6578
TM(:,:,629) =
    0.9393    0.0522    0.0084
    0.0893    0.8424    0.0684
    0.0402    0.2961    0.6637
TM(:,:,630) =
    0.9458    0.0489    0.0054
    0.0812    0.8496    0.0692
    0.0259    0.3049    0.6692
TM(:,:,631) =
    0.9459    0.0482    0.0059
    0.0781    0.8512    0.0707
    0.0415    0.3002    0.6584
TM(:,:,632) =
    0.9321    0.0628    0.0051
    0.0871    0.8230    0.0899
    0.0371    0.2885    0.6744
TM(:,:,633) =
    0.9335    0.0587    0.0079
    0.0886    0.8343    0.0771
    0.0330    0.2852    0.6818
TM(:,:,634) =
    0.9387    0.0579    0.0034
    0.0769    0.8455    0.0777
    0.0213    0.2672    0.7115
TM(:,:,635) =
    0.9433    0.0516    0.0051
    0.0763    0.8344    0.0893
    0.0317    0.3291    0.6392
TM(:,:,636) =
    0.9439    0.0498    0.0063
    0.0742    0.8492    0.0766
    0.0319    0.2928    0.6752
TM(:,:,637) =
    0.9468    0.0495    0.0037
    0.0718    0.8545    0.0737
    0.0368    0.3052    0.6580
TM(:,:,638) =
    0.9493    0.0449    0.0058
    0.0616    0.8714    0.0671
    0.0636    0.2485    0.6879
TM(:,:,639) =
    0.9512    0.0419    0.0070
    0.0534    0.8719    0.0747
    0.0466    0.2520    0.7013
TM(:,:,640) =
    0.9515    0.0414    0.0071
    0.0610    0.8598    0.0792
    0.0387    0.2827    0.6786
TM(:,:,641) =
    0.9492    0.0437    0.0071
    0.0746    0.8351    0.0903
    0.0414    0.2935    0.6651
TM(:,:,642) =
    0.9533    0.0421    0.0047
    0.0609    0.8444    0.0946
    0.0368    0.2947    0.6685
TM(:,:,643) =
    0.9447    0.0512    0.0042
    0.0693    0.8404    0.0903
    0.0301    0.2971    0.6728
TM(:,:,644) =
    0.9433    0.0522    0.0046
    0.0633    0.8459    0.0908
    0.0275    0.3140    0.6585
TM(:,:,645) =
    0.9434    0.0517    0.0049
    0.0625    0.8560    0.0815
    0.0097    0.3552    0.6351
TM(:,:,646) =
    0.9494    0.0483    0.0023
    0.0591    0.8597    0.0812
    0.0117    0.3183    0.6700
TM(:,:,647) =
    0.9505    0.0448    0.0048
    0.0627    0.8585    0.0788
    0.0139    0.3153    0.6708
TM(:,:,648) =
    0.9471    0.0488    0.0040
    0.0665    0.8591    0.0744
    0.0167    0.3126    0.6706
TM(:,:,649) =
    0.9460    0.0496    0.0044
    0.0685    0.8489    0.0826
    0.0109    0.3363    0.6528
TM(:,:,650) =
    0.9412    0.0521    0.0067
    0.0650    0.8574    0.0776
    0.0221    0.3039    0.6740
TM(:,:,651) =
    0.9452    0.0497    0.0051
    0.0617    0.8504    0.0879
    0.0213    0.3113    0.6674
TM(:,:,652) =
    0.9456    0.0494    0.0050
    0.0620    0.8527    0.0853
    0.0277    0.2886    0.6837
TM(:,:,653) =
    0.9423    0.0524    0.0053
    0.0657    0.8576    0.0767
    0.0242    0.2732    0.7025
TM(:,:,654) =
    0.9383    0.0553    0.0064
    0.0828    0.8350    0.0822
    0.0328    0.2933    0.6739
TM(:,:,655) =
    0.9353    0.0568    0.0079
    0.0727    0.8465    0.0808
    0.0249    0.3113    0.6638
TM(:,:,656) =
    0.9447    0.0498    0.0055
    0.0841    0.8391    0.0766
    0.0270    0.3202    0.6525
TM(:,:,657) =
    0.9489    0.0463    0.0049
    0.0748    0.8373    0.0877
    0.0181    0.3321    0.6498
TM(:,:,658) =
    0.9403    0.0492    0.0105
    0.0661    0.8632    0.0707
    0.0115    0.3041    0.6844
TM(:,:,659) =
    0.9529    0.0391    0.0080
    0.0781    0.8521    0.0698
    0.0066    0.3401    0.6533
TM(:,:,660) =
    0.9481    0.0442    0.0077
    0.0798    0.8431    0.0771
    0.0083    0.3404    0.6513
TM(:,:,661) =
    0.9417    0.0534    0.0050
    0.0741    0.8539    0.0719
    0.0123    0.3432    0.6445
TM(:,:,662) =
    0.9385    0.0570    0.0045
    0.0870    0.8342    0.0789
    0.0225    0.2826    0.6949
TM(:,:,663) =
    0.9364    0.0542    0.0094
    0.0814    0.8315    0.0870
    0.0313    0.2978    0.6709
TM(:,:,664) =
    0.9393    0.0549    0.0057
    0.0657    0.8646    0.0697
    0.0385    0.2726    0.6890
TM(:,:,665) =
    0.9448    0.0439    0.0113
    0.0779    0.8572    0.0649
    0.0286    0.2851    0.6864
TM(:,:,666) =
    0.9400    0.0507    0.0093
    0.0947    0.8316    0.0737
    0.0210    0.3048    0.6742
TM(:,:,667) =
    0.9444    0.0493    0.0063
    0.0786    0.8545    0.0669
    0.0332    0.3387    0.6281
TM(:,:,668) =
    0.9441    0.0462    0.0096
    0.0755    0.8485    0.0760
    0.0309    0.3153    0.6538
TM(:,:,669) =
    0.9437    0.0467    0.0095
    0.0696    0.8560    0.0743
    0.0204    0.2970    0.6825
TM(:,:,670) =
    0.9487    0.0442    0.0072
    0.0718    0.8623    0.0659
    0.0172    0.3175    0.6652
TM(:,:,671) =
    0.9478    0.0441    0.0081
    0.0676    0.8610    0.0714
    0.0213    0.3327    0.6460
TM(:,:,672) =
    0.9470    0.0447    0.0083
    0.0542    0.8733    0.0725
    0.0227    0.2887    0.6886
TM(:,:,673) =
    0.9485    0.0423    0.0092
    0.0625    0.8632    0.0742
    0.0314    0.2945    0.6741
TM(:,:,674) =
    0.9435    0.0500    0.0065
    0.0731    0.8328    0.0941
    0.0338    0.3298    0.6364
TM(:,:,675) =
    0.9460    0.0488    0.0051
    0.0709    0.8434    0.0857
    0.0170    0.3100    0.6729
TM(:,:,676) =
    0.9409    0.0547    0.0045
    0.0710    0.8538    0.0752
    0.0151    0.3238    0.6611
TM(:,:,677) =
    0.9430    0.0516    0.0054
    0.0618    0.8650    0.0731
    0.0122    0.3190    0.6688
TM(:,:,678) =
    0.9448    0.0522    0.0030
    0.0808    0.8339    0.0852
    0.0168    0.3150    0.6682
TM(:,:,679) =
    0.9420    0.0493    0.0088
    0.0730    0.8516    0.0754
    0.0148    0.3320    0.6532
TM(:,:,680) =
    0.9508    0.0445    0.0047
    0.0587    0.8622    0.0792
    0.0135    0.3174    0.6691
TM(:,:,681) =
    0.9473    0.0457    0.0071
    0.0647    0.8556    0.0797
    0.0173    0.3242    0.6585
TM(:,:,682) =
    0.9510    0.0423    0.0068
    0.0674    0.8566    0.0760
    0.0113    0.3172    0.6715
TM(:,:,683) =
    0.9447    0.0491    0.0062
    0.0661    0.8613    0.0726
    0.0209    0.3052    0.6739
TM(:,:,684) =
    0.9454    0.0476    0.0071
    0.0690    0.8542    0.0767
    0.0144    0.3348    0.6508
TM(:,:,685) =
    0.9450    0.0440    0.0111
    0.0666    0.8569    0.0765
    0.0049    0.3017    0.6935
TM(:,:,686) =
    0.9500    0.0455    0.0044
    0.0821    0.8374    0.0806
    0.0114    0.2934    0.6952
TM(:,:,687) =
    0.9407    0.0503    0.0090
    0.0851    0.8340    0.0809
    0.0046    0.3590    0.6364
TM(:,:,688) =
    0.9380    0.0545    0.0073
    0.0783    0.8397    0.0820
    0.0010    0.3407    0.6583
TM(:,:,689) =
    0.9461    0.0467    0.0072
    0.0827    0.8294    0.0879
    0.0113    0.3476    0.6411
TM(:,:,690) =
    0.9315    0.0626    0.0060
    0.0881    0.8308    0.0811
    0.0144    0.3389    0.6466
TM(:,:,691) =
    0.9348    0.0597    0.0056
    0.0819    0.8491    0.0690
    0.0062    0.3378    0.6560
TM(:,:,692) =
    0.9367    0.0589    0.0044
    0.0790    0.8470    0.0740
    0.0062    0.2884    0.7054
TM(:,:,693) =
    0.9329    0.0620    0.0051
    0.0847    0.8456    0.0697
    0.0202    0.2739    0.7060
TM(:,:,694) =
    0.9371    0.0575    0.0054
    0.0766    0.8505    0.0729
    0.0136    0.3561    0.6303
TM(:,:,695) =
    0.9300    0.0627    0.0072
    0.0823    0.8241    0.0937
    0.0090    0.3483    0.6427
TM(:,:,696) =
    0.9297    0.0655    0.0048
    0.0828    0.8302    0.0870
    0.0107    0.3309    0.6584
TM(:,:,697) =
    0.9452    0.0491    0.0057
    0.0835    0.8402    0.0763
    0.0143    0.2883    0.6973
TM(:,:,698) =
    0.9368    0.0602    0.0030
    0.0699    0.8565    0.0736
    0.0271    0.2959    0.6770
TM(:,:,699) =
    0.9386    0.0578    0.0036
    0.0816    0.8488    0.0696
    0.0293    0.3077    0.6630
TM(:,:,700) =
    0.9388    0.0566    0.0046
    0.0711    0.8480    0.0808
    0.0239    0.3390    0.6371
TM(:,:,701) =
    0.9365    0.0604    0.0031
    0.0702    0.8552    0.0746
    0.0225    0.3305    0.6470
TM(:,:,702) =
    0.9430    0.0517    0.0053
    0.0740    0.8435    0.0826
    0.0210    0.3195    0.6595
TM(:,:,703) =
    0.9412    0.0538    0.0050
    0.0837    0.8296    0.0867
    0.0247    0.2876    0.6877
TM(:,:,704) =
    0.9377    0.0591    0.0031
    0.0769    0.8484    0.0747
    0.0221    0.3109    0.6670
TM(:,:,705) =
    0.9330    0.0625    0.0045
    0.0800    0.8457    0.0743
    0.0100    0.3013    0.6887
TM(:,:,706) =
    0.9390    0.0565    0.0045
    0.0807    0.8407    0.0786
    0.0130    0.3200    0.6669
TM(:,:,707) =
    0.9324    0.0590    0.0086
    0.0870    0.8283    0.0847
    0.0132    0.3210    0.6658
TM(:,:,708) =
    0.9335    0.0571    0.0093
    0.0810    0.8516    0.0674
    0.0124    0.3505    0.6372
TM(:,:,709) =
    0.9353    0.0576    0.0071
    0.0902    0.8384    0.0714
    0.0109    0.3082    0.6809
TM(:,:,710) =
    0.9333    0.0602    0.0066
    0.0849    0.8460    0.0691
    0.0137    0.3149    0.6714
TM(:,:,711) =
    0.9484    0.0440    0.0076
    0.0651    0.8590    0.0759
    0.0067    0.3024    0.6909
TM(:,:,712) =
    0.9465    0.0483    0.0052
    0.0735    0.8564    0.0700
    0.0183    0.2853    0.6964
TM(:,:,713) =
    0.9403    0.0542    0.0055
    0.0904    0.8426    0.0670
    0.0141    0.3128    0.6731
TM(:,:,714) =
    0.9424    0.0526    0.0050
    0.0691    0.8486    0.0823
    0.0137    0.2902    0.6961
TM(:,:,715) =
    0.9505    0.0450    0.0046
    0.0635    0.8530    0.0835
    0.0359    0.2975    0.6667
TM(:,:,716) =
    0.9511    0.0407    0.0081
    0.0661    0.8574    0.0765
    0.0241    0.2958    0.6800
TM(:,:,717) =
    0.9456    0.0448    0.0096
    0.0649    0.8592    0.0760
    0.0305    0.3304    0.6392
TM(:,:,718) =
    0.9543    0.0394    0.0063
    0.0644    0.8690    0.0666
    0.0212    0.3208    0.6580
TM(:,:,719) =
    0.9463    0.0456    0.0081
    0.0572    0.8706    0.0721
    0.0470    0.2786    0.6744
TM(:,:,720) =
    0.9416    0.0517    0.0067
    0.0787    0.8430    0.0783
    0.0476    0.3136    0.6388
TM(:,:,721) =
    0.9287    0.0625    0.0087
    0.0865    0.8343    0.0792
    0.0349    0.2755    0.6896
TM(:,:,722) =
    0.9420    0.0499    0.0081
    0.0689    0.8494    0.0817
    0.0380    0.2891    0.6728
TM(:,:,723) =
    0.9446    0.0472    0.0082
    0.0751    0.8509    0.0741
    0.0529    0.2868    0.6602
TM(:,:,724) =
    0.9516    0.0392    0.0092
    0.0642    0.8650    0.0708
    0.0439    0.2712    0.6848
TM(:,:,725) =
    0.9475    0.0427    0.0098
    0.0746    0.8555    0.0700
    0.0449    0.2703    0.6848
TM(:,:,726) =
    0.9475    0.0415    0.0109
    0.0765    0.8541    0.0694
    0.0293    0.3064    0.6644
TM(:,:,727) =
    0.9444    0.0467    0.0088
    0.0746    0.8588    0.0666
    0.0300    0.2844    0.6855
TM(:,:,728) =
    0.9508    0.0348    0.0143
    0.0709    0.8557    0.0734
    0.0695    0.2440    0.6865
TM(:,:,729) =
    0.9412    0.0491    0.0096
    0.0780    0.8488    0.0732
    0.0401    0.3233    0.6366
TM(:,:,730) =
    0.9387    0.0525    0.0088
    0.0786    0.8392    0.0822
    0.0396    0.2790    0.6814
TM(:,:,731) =
    0.9457    0.0471    0.0072
    0.0696    0.8586    0.0718
    0.0283    0.2903    0.6814
TM(:,:,732) =
    0.9483    0.0453    0.0064
    0.0609    0.8708    0.0683
    0.0325    0.2790    0.6885
TM(:,:,733) =
    0.9477    0.0475    0.0048
    0.0726    0.8570    0.0704
    0.0281    0.2763    0.6956
TM(:,:,734) =
    0.9436    0.0480    0.0085
    0.0814    0.8478    0.0708
    0.0192    0.3031    0.6777
TM(:,:,735) =
    0.9532    0.0390    0.0078
    0.0726    0.8543    0.0731
    0.0268    0.2974    0.6758
TM(:,:,736) =
    0.9458    0.0454    0.0087
    0.0665    0.8603    0.0732
    0.0330    0.3191    0.6479
TM(:,:,737) =
    0.9494    0.0419    0.0088
    0.0738    0.8558    0.0704
    0.0261    0.2707    0.7032
TM(:,:,738) =
    0.9429    0.0464    0.0107
    0.0854    0.8484    0.0662
    0.0099    0.3123    0.6778
TM(:,:,739) =
    0.9381    0.0532    0.0087
    0.0908    0.8294    0.0799
    0.0122    0.3174    0.6704
TM(:,:,740) =
    0.9421    0.0532    0.0047
    0.0889    0.8326    0.0785
    0.0109    0.3384    0.6507
TM(:,:,741) =
    0.9421    0.0483    0.0096
    0.0842    0.8198    0.0960
    0.0148    0.3692    0.6160
TM(:,:,742) =
    0.9455    0.0512    0.0033
    0.0820    0.8272    0.0908
    0.0152    0.3123    0.6725
TM(:,:,743) =
    0.9369    0.0561    0.0071
    0.0680    0.8450    0.0870
    0.0154    0.3287    0.6559
TM(:,:,744) =
    0.9460    0.0470    0.0070
    0.0745    0.8385    0.0870
    0.0159    0.3227    0.6614
TM(:,:,745) =
    0.9378    0.0562    0.0061
    0.0842    0.8369    0.0789
    0.0257    0.2904    0.6839
TM(:,:,746) =
    0.9389    0.0552    0.0059
    0.0777    0.8420    0.0803
    0.0259    0.2782    0.6959
TM(:,:,747) =
    0.9407    0.0537    0.0056
    0.0837    0.8269    0.0893
    0.0258    0.3197    0.6545
TM(:,:,748) =
    0.9381    0.0586    0.0033
    0.0841    0.8428    0.0731
    0.0219    0.2781    0.7000
TM(:,:,749) =
    0.9392    0.0582    0.0026
    0.0860    0.8287    0.0853
    0.0250    0.2875    0.6875
TM(:,:,750) =
    0.9331    0.0623    0.0046
    0.0727    0.8472    0.0801
    0.0384    0.2869    0.6747
TM(:,:,751) =
    0.9406    0.0504    0.0090
    0.0862    0.8333    0.0805
    0.0435    0.3339    0.6226
