ans(:,:,1) =
    0.8723    0.1271    0.0000    0.0006
    0.0787    0.8159    0.0419    0.0634
    0.0000    0.1693    0.7251    0.1056
    0.0221    0.1989    0.2679    0.5111
ans(:,:,2) =
    0.8795    0.1128    0.0034    0.0043
    0.0642    0.8267    0.0472    0.0619
    0.0011    0.1678    0.7425    0.0886
    0.0278    0.1742    0.3507    0.4473
ans(:,:,3) =
    0.8782    0.1171    0.0035    0.0012
    0.0745    0.8205    0.0432    0.0618
    0.0085    0.1461    0.7283    0.1171
    0.0568    0.1795    0.3669    0.3968
ans(:,:,4) =
    0.8588    0.1332    0.0008    0.0072
    0.0621    0.8292    0.0487    0.0599
    0.0003    0.1445    0.7660    0.0892
    0.0517    0.1655    0.2884    0.4945
ans(:,:,5) =
    0.8806    0.1161    0.0000    0.0033
    0.0440    0.8519    0.0464    0.0577
    0.0001    0.1458    0.7638    0.0902
    0.0718    0.1831    0.3327    0.4124
ans(:,:,6) =
    0.8600    0.1398    0.0000    0.0002
    0.0516    0.8415    0.0553    0.0516
    0.0001    0.1457    0.7676    0.0866
    0.0462    0.1733    0.3647    0.4158
ans(:,:,7) =
    0.8630    0.1339    0.0023    0.0008
    0.0524    0.8503    0.0430    0.0544
    0.0000    0.1190    0.7905    0.0904
    0.0364    0.2014    0.3612    0.4009
ans(:,:,8) =
    0.8735    0.1265    0.0001    0.0000
    0.0454    0.8416    0.0483    0.0646
    0.0007    0.1299    0.7828    0.0866
    0.0379    0.2306    0.2899    0.4416
ans(:,:,9) =
    0.8748    0.1252    0.0000    0.0001
    0.0420    0.8572    0.0400    0.0608
    0.0000    0.1372    0.7773    0.0855
    0.0459    0.2293    0.3144    0.4105
ans(:,:,10) =
    0.8749    0.1250    0.0000    0.0000
    0.0429    0.8609    0.0490    0.0472
    0.0000    0.1400    0.7604    0.0996
    0.0258    0.2246    0.3774    0.3722
ans(:,:,11) =
    0.8702    0.1297    0.0001    0.0000
    0.0462    0.8616    0.0450    0.0472
    0.0000    0.1594    0.7552    0.0854
    0.0123    0.2469    0.3136    0.4272
ans(:,:,12) =
    0.8932    0.1064    0.0004    0.0000
    0.0471    0.8507    0.0437    0.0585
    0.0001    0.1283    0.7825    0.0891
    0.0257    0.2827    0.2797    0.4119
ans(:,:,13) =
    0.8895    0.1091    0.0000    0.0014
    0.0479    0.8597    0.0487    0.0438
    0.0011    0.1367    0.7774    0.0848
    0.0330    0.3126    0.2212    0.4332
ans(:,:,14) =
    0.8620    0.1371    0.0005    0.0004
    0.0676    0.8261    0.0467    0.0596
    0.0003    0.1503    0.7686    0.0808
    0.0458    0.2220    0.2454    0.4867
ans(:,:,15) =
    0.8791    0.1209    0.0000    0.0000
    0.0588    0.8490    0.0317    0.0605
    0.0000    0.1322    0.7869    0.0809
    0.0387    0.2481    0.2741    0.4391
ans(:,:,16) =
    0.8685    0.1301    0.0005    0.0010
    0.0506    0.8575    0.0323    0.0596
    0.0026    0.1107    0.8266    0.0601
    0.0373    0.2714    0.2340    0.4574
ans(:,:,17) =
    0.8457    0.1516    0.0004    0.0023
    0.0625    0.8479    0.0359    0.0537
    0.0053    0.1313    0.7932    0.0702
    0.0202    0.2789    0.2353    0.4656
ans(:,:,18) =
    0.8485    0.1470    0.0023    0.0022
    0.0632    0.8358    0.0376    0.0635
    0.0213    0.1522    0.7606    0.0659
    0.0332    0.2117    0.2582    0.4970
ans(:,:,19) =
    0.8538    0.1416    0.0034    0.0012
    0.0592    0.8387    0.0499    0.0522
    0.0156    0.1180    0.7900    0.0765
    0.0285    0.2116    0.2374    0.5225
ans(:,:,20) =
    0.8598    0.1347    0.0055    0.0000
    0.0536    0.8496    0.0444    0.0524
    0.0103    0.1309    0.7966    0.0623
    0.0449    0.2119    0.2551    0.4882
ans(:,:,21) =
    0.8503    0.1451    0.0045    0.0000
    0.0797    0.8179    0.0358    0.0665
    0.0057    0.1221    0.7905    0.0816
    0.0284    0.2227    0.2832    0.4658
ans(:,:,22) =
    0.8568    0.1366    0.0066    0.0000
    0.0563    0.8415    0.0415    0.0607
    0.0136    0.1234    0.7875    0.0754
    0.0396    0.2069    0.2763    0.4772
ans(:,:,23) =
    0.8680    0.1215    0.0103    0.0001
    0.0491    0.8588    0.0410    0.0511
    0.0070    0.1335    0.7712    0.0883
    0.0254    0.1937    0.3031    0.4778
ans(:,:,24) =
    0.8600    0.1326    0.0075    0.0000
    0.0594    0.8414    0.0392    0.0601
    0.0039    0.1192    0.7873    0.0897
    0.0421    0.2417    0.2634    0.4529
ans(:,:,25) =
    0.8370    0.1550    0.0079    0.0000
    0.0565    0.8623    0.0262    0.0550
    0.0040    0.1048    0.8080    0.0832
    0.0523    0.1973    0.2715    0.4789
ans(:,:,26) =
    0.8609    0.1359    0.0031    0.0000
    0.0519    0.8467    0.0275    0.0739
    0.0097    0.1177    0.8051    0.0675
    0.0240    0.2649    0.2492    0.4619
ans(:,:,27) =
    0.8707    0.1281    0.0012    0.0000
    0.0622    0.8358    0.0347    0.0673
    0.0103    0.1375    0.7757    0.0766
    0.0215    0.2408    0.3012    0.4366
ans(:,:,28) =
    0.8579    0.1417    0.0001    0.0004
    0.0549    0.8426    0.0434    0.0591
    0.0068    0.1036    0.7743    0.1152
    0.0161    0.2812    0.2490    0.4538
ans(:,:,29) =
    0.8589    0.1405    0.0001    0.0004
    0.0565    0.8499    0.0384    0.0552
    0.0057    0.1030    0.7814    0.1100
    0.0151    0.2387    0.2575    0.4887
ans(:,:,30) =
    0.8433    0.1552    0.0006    0.0009
    0.0572    0.8455    0.0473    0.0500
    0.0144    0.1062    0.7777    0.1018
    0.0207    0.2325    0.2507    0.4960
ans(:,:,31) =
    0.8614    0.1382    0.0004    0.0000
    0.0669    0.8242    0.0477    0.0612
    0.0206    0.1371    0.7387    0.1036
    0.0364    0.1922    0.2551    0.5164
ans(:,:,32) =
    0.8682    0.1318    0.0000    0.0000
    0.0548    0.8372    0.0476    0.0604
    0.0205    0.1315    0.7535    0.0945
    0.0428    0.1862    0.2978    0.4731
ans(:,:,33) =
    0.8423    0.1577    0.0000    0.0000
    0.0823    0.8256    0.0366    0.0555
    0.0014    0.1100    0.7873    0.1013
    0.0502    0.1984    0.3293    0.4221
ans(:,:,34) =
    0.8601    0.1392    0.0006    0.0000
    0.0640    0.8363    0.0379    0.0618
    0.0021    0.1185    0.7555    0.1239
    0.0397    0.2011    0.3011    0.4582
ans(:,:,35) =
    0.8655    0.1338    0.0007    0.0001
    0.0601    0.8355    0.0473    0.0572
    0.0003    0.1314    0.7630    0.1052
    0.0453    0.2339    0.2735    0.4474
ans(:,:,36) =
    0.8523    0.1476    0.0000    0.0002
    0.0679    0.8227    0.0492    0.0602
    0.0001    0.1210    0.7658    0.1131
    0.0436    0.2108    0.2742    0.4713
ans(:,:,37) =
    0.8554    0.1412    0.0000    0.0034
    0.0770    0.8221    0.0559    0.0450
    0.0006    0.1350    0.7159    0.1485
    0.0294    0.2244    0.2588    0.4874
ans(:,:,38) =
    0.8438    0.1506    0.0000    0.0056
    0.0571    0.8339    0.0641    0.0450
    0.0059    0.1301    0.7093    0.1548
    0.0386    0.2144    0.3195    0.4275
ans(:,:,39) =
    0.8710    0.1194    0.0001    0.0096
    0.0785    0.8319    0.0394    0.0502
    0.0007    0.1199    0.7665    0.1130
    0.0270    0.2213    0.3163    0.4355
ans(:,:,40) =
    0.8831    0.1112    0.0000    0.0056
    0.0680    0.8206    0.0309    0.0805
    0.0000    0.1323    0.7359    0.1318
    0.0206    0.3137    0.2488    0.4169
ans(:,:,41) =
    0.9028    0.0947    0.0001    0.0024
    0.0634    0.8318    0.0451    0.0597
    0.0000    0.1450    0.7477    0.1072
    0.0341    0.2626    0.2337    0.4695
ans(:,:,42) =
    0.8753    0.1178    0.0000    0.0068
    0.0704    0.8228    0.0456    0.0612
    0.0025    0.1100    0.7725    0.1149
    0.0176    0.2833    0.2429    0.4561
ans(:,:,43) =
    0.8694    0.1226    0.0001    0.0079
    0.0676    0.8235    0.0512    0.0577
    0.0046    0.1096    0.7658    0.1199
    0.0521    0.2807    0.2344    0.4329
ans(:,:,44) =
    0.8883    0.1065    0.0000    0.0052
    0.0557    0.8358    0.0499    0.0586
    0.0070    0.1260    0.7460    0.1211
    0.0602    0.2684    0.2622    0.4092
ans(:,:,45) =
    0.8828    0.1129    0.0000    0.0043
    0.0592    0.8325    0.0555    0.0528
    0.0119    0.1480    0.7491    0.0910
    0.0520    0.2991    0.2124    0.4365
ans(:,:,46) =
    0.8729    0.1155    0.0007    0.0108
    0.0634    0.8247    0.0630    0.0489
    0.0023    0.1479    0.7505    0.0993
    0.0652    0.3111    0.2319    0.3918
ans(:,:,47) =
    0.8876    0.1060    0.0000    0.0064
    0.0524    0.8506    0.0575    0.0395
    0.0007    0.1430    0.7765    0.0797
    0.0422    0.2660    0.2196    0.4723
ans(:,:,48) =
    0.8917    0.1017    0.0000    0.0066
    0.0549    0.8400    0.0574    0.0477
    0.0061    0.1410    0.7663    0.0867
    0.0332    0.2769    0.2689    0.4209
ans(:,:,49) =
    0.8575    0.1360    0.0000    0.0065
    0.0602    0.8504    0.0398    0.0496
    0.0050    0.1261    0.7844    0.0845
    0.0525    0.2444    0.2950    0.4082
ans(:,:,50) =
    0.8614    0.1295    0.0000    0.0091
    0.0693    0.8442    0.0363    0.0501
    0.0095    0.0993    0.7779    0.1133
    0.0603    0.2083    0.3411    0.3903
ans(:,:,51) =
    0.8739    0.1197    0.0001    0.0063
    0.0528    0.8597    0.0426    0.0450
    0.0232    0.0765    0.7758    0.1245
    0.0450    0.1960    0.3683    0.3907
ans(:,:,52) =
    0.8532    0.1333    0.0000    0.0135
    0.0553    0.8450    0.0456    0.0541
    0.0144    0.1035    0.7603    0.1219
    0.0296    0.1879    0.3623    0.4202
ans(:,:,53) =
    0.8592    0.1363    0.0000    0.0045
    0.0526    0.8455    0.0526    0.0493
    0.0015    0.0913    0.7900    0.1172
    0.0515    0.1932    0.3275    0.4279
ans(:,:,54) =
    0.8311    0.1658    0.0001    0.0031
    0.0690    0.8486    0.0365    0.0458
    0.0100    0.1017    0.7862    0.1022
    0.0316    0.1808    0.3398    0.4478
ans(:,:,55) =
    0.8521    0.1411    0.0005    0.0063
    0.0575    0.8529    0.0353    0.0544
    0.0044    0.0989    0.8090    0.0877
    0.0568    0.1578    0.3057    0.4797
ans(:,:,56) =
    0.8604    0.1321    0.0030    0.0045
    0.0680    0.8410    0.0376    0.0534
    0.0023    0.1244    0.7452    0.1281
    0.0421    0.1942    0.2958    0.4678
ans(:,:,57) =
    0.8734    0.1200    0.0000    0.0067
    0.0542    0.8557    0.0276    0.0625
    0.0059    0.1022    0.7937    0.0983
    0.0427    0.1993    0.2822    0.4758
ans(:,:,58) =
    0.8335    0.1601    0.0000    0.0065
    0.0694    0.8500    0.0214    0.0592
    0.0112    0.1329    0.7976    0.0583
    0.0242    0.1856    0.3530    0.4372
ans(:,:,59) =
    0.8244    0.1734    0.0009    0.0013
    0.0655    0.8540    0.0213    0.0592
    0.0132    0.1172    0.7756    0.0939
    0.0342    0.1575    0.3143    0.4940
ans(:,:,60) =
    0.8249    0.1706    0.0035    0.0010
    0.0670    0.8432    0.0244    0.0654
    0.0030    0.1068    0.7674    0.1228
    0.0368    0.1765    0.3357    0.4510
ans(:,:,61) =
    0.8416    0.1532    0.0052    0.0000
    0.0693    0.8393    0.0236    0.0678
    0.0093    0.0912    0.7858    0.1136
    0.0405    0.2247    0.2750    0.4599
ans(:,:,62) =
    0.8084    0.1855    0.0061    0.0000
    0.0746    0.8370    0.0234    0.0651
    0.0082    0.0924    0.8059    0.0935
    0.0463    0.1987    0.3015    0.4535
ans(:,:,63) =
    0.8140    0.1833    0.0027    0.0000
    0.0725    0.8326    0.0315    0.0633
    0.0113    0.0916    0.7851    0.1120
    0.0482    0.1957    0.3786    0.3775
ans(:,:,64) =
    0.8201    0.1748    0.0047    0.0005
    0.0838    0.8135    0.0309    0.0718
    0.0037    0.1043    0.7813    0.1108
    0.0479    0.2504    0.2826    0.4190
ans(:,:,65) =
    0.8117    0.1844    0.0035    0.0003
    0.0830    0.8152    0.0275    0.0744
    0.0085    0.1255    0.7849    0.0811
    0.0125    0.2735    0.3053    0.4086
ans(:,:,66) =
    0.8306    0.1689    0.0005    0.0000
    0.0744    0.8321    0.0344    0.0591
    0.0074    0.1130    0.7713    0.1083
    0.0693    0.2223    0.3165    0.3920
ans(:,:,67) =
    0.8415    0.1572    0.0001    0.0012
    0.0801    0.8156    0.0310    0.0732
    0.0006    0.1347    0.7564    0.1083
    0.0358    0.2136    0.3128    0.4378
ans(:,:,68) =
    0.8210    0.1725    0.0041    0.0024
    0.0826    0.8204    0.0336    0.0634
    0.0000    0.1144    0.7711    0.1145
    0.0286    0.2446    0.2854    0.4414
ans(:,:,69) =
    0.8547    0.1436    0.0000    0.0017
    0.0773    0.8176    0.0455    0.0596
    0.0014    0.1095    0.7558    0.1333
    0.0668    0.1953    0.2867    0.4513
ans(:,:,70) =
    0.8074    0.1899    0.0000    0.0027
    0.0663    0.8337    0.0556    0.0445
    0.0079    0.1190    0.7445    0.1285
    0.0444    0.2343    0.3396    0.3817
ans(:,:,71) =
    0.8252    0.1715    0.0000    0.0034
    0.0683    0.8198    0.0612    0.0507
    0.0118    0.1469    0.7394    0.1020
    0.0195    0.2107    0.3404    0.4294
ans(:,:,72) =
    0.8156    0.1819    0.0002    0.0023
    0.0746    0.8214    0.0510    0.0531
    0.0138    0.1285    0.7741    0.0836
    0.0197    0.2345    0.2779    0.4679
ans(:,:,73) =
    0.8142    0.1798    0.0000    0.0060
    0.0770    0.8188    0.0540    0.0502
    0.0120    0.1429    0.7538    0.0914
    0.0336    0.1792    0.3075    0.4797
ans(:,:,74) =
    0.8074    0.1826    0.0005    0.0095
    0.0760    0.8248    0.0581    0.0411
    0.0054    0.1186    0.7864    0.0897
    0.0438    0.2178    0.2526    0.4858
ans(:,:,75) =
    0.8499    0.1364    0.0005    0.0132
    0.0601    0.8409    0.0544    0.0446
    0.0044    0.1145    0.7882    0.0928
    0.0377    0.2583    0.2464    0.4576
ans(:,:,76) =
    0.8109    0.1836    0.0000    0.0054
    0.0685    0.8357    0.0374    0.0584
    0.0024    0.1269    0.7901    0.0806
    0.0373    0.2250    0.2533    0.4844
ans(:,:,77) =
    0.8430    0.1516    0.0000    0.0054
    0.0487    0.8605    0.0359    0.0549
    0.0001    0.1239    0.7824    0.0935
    0.0629    0.2428    0.2837    0.4105
ans(:,:,78) =
    0.8400    0.1555    0.0000    0.0044
    0.0751    0.8337    0.0306    0.0606
    0.0000    0.1020    0.7813    0.1167
    0.0444    0.2587    0.2730    0.4238
ans(:,:,79) =
    0.8412    0.1549    0.0000    0.0039
    0.0692    0.8442    0.0368    0.0497
    0.0011    0.1180    0.7978    0.0830
    0.0291    0.2075    0.2971    0.4662
ans(:,:,80) =
    0.8501    0.1452    0.0000    0.0047
    0.0677    0.8389    0.0423    0.0511
    0.0118    0.1107    0.7931    0.0844
    0.0234    0.2369    0.2766    0.4631
ans(:,:,81) =
    0.8619    0.1339    0.0001    0.0041
    0.0614    0.8312    0.0539    0.0536
    0.0069    0.1408    0.7498    0.1025
    0.0230    0.2499    0.3026    0.4245
ans(:,:,82) =
    0.8603    0.1358    0.0000    0.0039
    0.0585    0.8333    0.0653    0.0428
    0.0072    0.1484    0.7538    0.0906
    0.0405    0.1982    0.3058    0.4555
ans(:,:,83) =
    0.8612    0.1306    0.0016    0.0066
    0.0624    0.8243    0.0705    0.0428
    0.0020    0.1701    0.7372    0.0907
    0.0211    0.1834    0.3245    0.4710
ans(:,:,84) =
    0.8741    0.1157    0.0008    0.0095
    0.0656    0.8216    0.0657    0.0471
    0.0155    0.1460    0.7416    0.0969
    0.0094    0.2066    0.3519    0.4321
ans(:,:,85) =
    0.8616    0.1206    0.0020    0.0158
    0.0794    0.8197    0.0581    0.0428
    0.0138    0.1338    0.7580    0.0944
    0.0146    0.2700    0.2982    0.4171
ans(:,:,86) =
    0.8712    0.1247    0.0001    0.0040
    0.0585    0.8412    0.0574    0.0429
    0.0096    0.1185    0.7724    0.0995
    0.0308    0.2568    0.3109    0.4015
ans(:,:,87) =
    0.8460    0.1516    0.0000    0.0024
    0.0678    0.8332    0.0471    0.0519
    0.0069    0.1338    0.7508    0.1085
    0.0252    0.2049    0.3526    0.4174
ans(:,:,88) =
    0.8435    0.1515    0.0013    0.0037
    0.0700    0.8442    0.0303    0.0555
    0.0014    0.1138    0.7872    0.0976
    0.0178    0.2217    0.3283    0.4322
ans(:,:,89) =
    0.8581    0.1275    0.0025    0.0118
    0.0740    0.8323    0.0426    0.0511
    0.0001    0.1168    0.8004    0.0827
    0.0233    0.2283    0.2730    0.4754
ans(:,:,90) =
    0.8936    0.0987    0.0000    0.0077
    0.0591    0.8287    0.0515    0.0607
    0.0000    0.1423    0.7496    0.1081
    0.0274    0.2199    0.3058    0.4468
ans(:,:,91) =
    0.8832    0.1123    0.0000    0.0045
    0.0714    0.8135    0.0558    0.0593
    0.0020    0.1619    0.7234    0.1127
    0.0184    0.2188    0.3336    0.4292
ans(:,:,92) =
    0.8758    0.1193    0.0002    0.0047
    0.0712    0.8152    0.0453    0.0684
    0.0002    0.1636    0.7542    0.0820
    0.0390    0.2614    0.3019    0.3977
ans(:,:,93) =
    0.8737    0.1192    0.0000    0.0071
    0.0625    0.8051    0.0630    0.0695
    0.0000    0.1824    0.7542    0.0633
    0.0568    0.2457    0.2698    0.4277
ans(:,:,94) =
    0.8950    0.0988    0.0000    0.0062
    0.0597    0.8307    0.0458    0.0638
    0.0000    0.1609    0.7646    0.0745
    0.0574    0.1968    0.3251    0.4207
ans(:,:,95) =
    0.8689    0.1229    0.0000    0.0081
    0.0524    0.8329    0.0541    0.0605
    0.0000    0.1695    0.7206    0.1099
    0.0282    0.2285    0.3690    0.3743
ans(:,:,96) =
    0.8845    0.1121    0.0000    0.0034
    0.0598    0.8311    0.0547    0.0544
    0.0018    0.1604    0.7248    0.1131
    0.0436    0.2574    0.3168    0.3822
ans(:,:,97) =
    0.8911    0.1054    0.0010    0.0025
    0.0567    0.8285    0.0658    0.0490
    0.0000    0.1390    0.7518    0.1092
    0.0329    0.2770    0.2401    0.4499
ans(:,:,98) =
    0.8834    0.1139    0.0025    0.0002
    0.0600    0.8253    0.0588    0.0558
    0.0000    0.1634    0.7398    0.0968
    0.0475    0.2352    0.3232    0.3941
ans(:,:,99) =
    0.8719    0.1252    0.0007    0.0022
    0.0712    0.8271    0.0534    0.0483
    0.0000    0.1450    0.7465    0.1085
    0.0273    0.2280    0.2717    0.4730
ans(:,:,100) =
    0.8567    0.1416    0.0005    0.0013
    0.0631    0.8234    0.0610    0.0525
    0.0000    0.1585    0.7465    0.0949
    0.0485    0.2523    0.2577    0.4414
ans(:,:,101) =
    0.8894    0.1094    0.0011    0.0001
    0.0574    0.8368    0.0572    0.0487
    0.0000    0.1495    0.7523    0.0982
    0.0250    0.2228    0.3407    0.4114
ans(:,:,102) =
    0.8514    0.1486    0.0000    0.0000
    0.0571    0.8457    0.0381    0.0591
    0.0000    0.1519    0.7268    0.1214
    0.0210    0.2621    0.3668    0.3501
ans(:,:,103) =
    0.8545    0.1451    0.0004    0.0000
    0.0593    0.8360    0.0445    0.0601
    0.0000    0.1282    0.7464    0.1254
    0.0203    0.2137    0.3248    0.4412
ans(:,:,104) =
    0.8589    0.1407    0.0001    0.0003
    0.0656    0.8375    0.0388    0.0581
    0.0000    0.1449    0.7752    0.0799
    0.0303    0.2175    0.3411    0.4112
ans(:,:,105) =
    0.8517    0.1483    0.0000    0.0000
    0.0579    0.8412    0.0407    0.0602
    0.0000    0.1287    0.7693    0.1020
    0.0507    0.2016    0.3479    0.3998
ans(:,:,106) =
    0.8477    0.1522    0.0000    0.0001
    0.0585    0.8497    0.0393    0.0525
    0.0000    0.1275    0.7811    0.0914
    0.0245    0.2251    0.3015    0.4488
ans(:,:,107) =
    0.8358    0.1629    0.0013    0.0000
    0.0761    0.8300    0.0485    0.0454
    0.0002    0.1371    0.7880    0.0747
    0.0366    0.2539    0.3001    0.4094
ans(:,:,108) =
    0.8269    0.1731    0.0000    0.0000
    0.0767    0.8234    0.0434    0.0564
    0.0009    0.1383    0.7449    0.1159
    0.0369    0.2505    0.2702    0.4424
ans(:,:,109) =
    0.8403    0.1592    0.0000    0.0004
    0.0780    0.8128    0.0423    0.0669
    0.0000    0.1628    0.7291    0.1082
    0.0244    0.2432    0.2694    0.4630
ans(:,:,110) =
    0.8124    0.1869    0.0003    0.0004
    0.0842    0.8166    0.0454    0.0537
    0.0000    0.1269    0.7469    0.1262
    0.0376    0.2258    0.3457    0.3909
ans(:,:,111) =
    0.8532    0.1468    0.0000    0.0000
    0.0615    0.8383    0.0391    0.0612
    0.0006    0.1390    0.7330    0.1274
    0.0174    0.1980    0.3573    0.4274
ans(:,:,112) =
    0.8435    0.1559    0.0006    0.0000
    0.0651    0.8411    0.0374    0.0565
    0.0000    0.1331    0.7389    0.1279
    0.0140    0.2285    0.2956    0.4619
ans(:,:,113) =
    0.8390    0.1594    0.0006    0.0010
    0.0676    0.8441    0.0306    0.0577
    0.0000    0.1177    0.7515    0.1308
    0.0147    0.2090    0.3770    0.3993
ans(:,:,114) =
    0.8279    0.1714    0.0000    0.0007
    0.0614    0.8598    0.0309    0.0480
    0.0000    0.1108    0.7732    0.1160
    0.0397    0.2078    0.3104    0.4421
ans(:,:,115) =
    0.8140    0.1850    0.0010    0.0000
    0.0712    0.8501    0.0322    0.0465
    0.0000    0.1173    0.7345    0.1481
    0.0444    0.1844    0.2969    0.4744
ans(:,:,116) =
    0.8021    0.1945    0.0034    0.0000
    0.0701    0.8485    0.0320    0.0494
    0.0000    0.0839    0.7731    0.1430
    0.0553    0.1955    0.3581    0.3911
ans(:,:,117) =
    0.8213    0.1761    0.0026    0.0000
    0.0714    0.8409    0.0291    0.0586
    0.0000    0.1109    0.7557    0.1334
    0.0308    0.1905    0.2812    0.4975
ans(:,:,118) =
    0.8210    0.1768    0.0022    0.0000
    0.0768    0.8363    0.0313    0.0556
    0.0000    0.1011    0.7667    0.1322
    0.0367    0.1503    0.3601    0.4530
ans(:,:,119) =
    0.8474    0.1524    0.0001    0.0001
    0.0593    0.8553    0.0320    0.0535
    0.0044    0.1129    0.7631    0.1196
    0.0367    0.1406    0.3561    0.4666
ans(:,:,120) =
    0.8510    0.1484    0.0007    0.0000
    0.0613    0.8391    0.0507    0.0489
    0.0053    0.1301    0.7611    0.1036
    0.0467    0.1778    0.3523    0.4232
ans(:,:,121) =
    0.8675    0.1325    0.0000    0.0000
    0.0394    0.8665    0.0522    0.0419
    0.0001    0.1246    0.7752    0.1001
    0.0479    0.1655    0.3719    0.4147
ans(:,:,122) =
    0.8754    0.1244    0.0001    0.0000
    0.0394    0.8711    0.0497    0.0397
    0.0000    0.1133    0.7925    0.0942
    0.0170    0.1946    0.3366    0.4518
ans(:,:,123) =
    0.8828    0.1167    0.0000    0.0004
    0.0426    0.8502    0.0589    0.0483
    0.0000    0.1182    0.7702    0.1116
    0.0114    0.2233    0.3268    0.4384
ans(:,:,124) =
    0.8743    0.1257    0.0000    0.0000
    0.0425    0.8674    0.0520    0.0381
    0.0009    0.1255    0.7496    0.1239
    0.0273    0.2114    0.3308    0.4304
ans(:,:,125) =
    0.8782    0.1218    0.0000    0.0000
    0.0411    0.8628    0.0467    0.0494
    0.0001    0.1324    0.7763    0.0912
    0.0316    0.1986    0.3244    0.4453
ans(:,:,126) =
    0.8917    0.1078    0.0003    0.0001
    0.0464    0.8464    0.0543    0.0529
    0.0000    0.1348    0.7529    0.1123
    0.0331    0.1706    0.3373    0.4590
ans(:,:,127) =
    0.8918    0.1030    0.0051    0.0002
    0.0449    0.8356    0.0622    0.0573
    0.0000    0.1363    0.7592    0.1045
    0.0323    0.2070    0.3204    0.4403
ans(:,:,128) =
    0.8873    0.1107    0.0020    0.0000
    0.0417    0.8604    0.0454    0.0525
    0.0002    0.1471    0.7559    0.0969
    0.0301    0.1589    0.3627    0.4482
ans(:,:,129) =
    0.8835    0.1165    0.0000    0.0000
    0.0423    0.8565    0.0523    0.0488
    0.0000    0.1484    0.7543    0.0973
    0.0194    0.1952    0.3354    0.4500
ans(:,:,130) =
    0.8765    0.1216    0.0000    0.0019
    0.0363    0.8593    0.0531    0.0512
    0.0001    0.1250    0.7776    0.0973
    0.0510    0.2072    0.3128    0.4291
ans(:,:,131) =
    0.8757    0.1218    0.0003    0.0023
    0.0482    0.8533    0.0503    0.0482
    0.0000    0.1264    0.7858    0.0879
    0.0357    0.2673    0.2108    0.4861
ans(:,:,132) =
    0.8690    0.1249    0.0010    0.0050
    0.0614    0.8296    0.0519    0.0571
    0.0000    0.1448    0.7645    0.0907
    0.0313    0.2144    0.2752    0.4790
ans(:,:,133) =
    0.8764    0.1200    0.0000    0.0036
    0.0541    0.8430    0.0413    0.0615
    0.0000    0.1549    0.7561    0.0891
    0.0530    0.2216    0.2431    0.4823
ans(:,:,134) =
    0.8880    0.1050    0.0007    0.0064
    0.0540    0.8526    0.0472    0.0461
    0.0000    0.1522    0.7505    0.0973
    0.0676    0.2172    0.2740    0.4412
ans(:,:,135) =
    0.8788    0.1106    0.0005    0.0101
    0.0514    0.8465    0.0433    0.0587
    0.0021    0.1149    0.7854    0.0976
    0.0397    0.1981    0.2823    0.4798
ans(:,:,136) =
    0.8857    0.1003    0.0030    0.0110
    0.0496    0.8562    0.0393    0.0549
    0.0000    0.1193    0.7724    0.1083
    0.0789    0.1948    0.2519    0.4745
ans(:,:,137) =
    0.8824    0.1009    0.0135    0.0033
    0.0549    0.8565    0.0395    0.0491
    0.0000    0.1183    0.7616    0.1201
    0.0487    0.1789    0.3224    0.4499
ans(:,:,138) =
    0.8640    0.1232    0.0102    0.0026
    0.0642    0.8376    0.0438    0.0544
    0.0002    0.1287    0.7664    0.1046
    0.0687    0.2232    0.2715    0.4367
ans(:,:,139) =
    0.8498    0.1482    0.0014    0.0006
    0.0826    0.8187    0.0298    0.0688
    0.0000    0.1467    0.7687    0.0846
    0.0627    0.1961    0.2988    0.4424
ans(:,:,140) =
    0.8385    0.1597    0.0018    0.0000
    0.0858    0.8258    0.0422    0.0462
    0.0000    0.1456    0.7710    0.0834
    0.0437    0.2384    0.3286    0.3893
ans(:,:,141) =
    0.8352    0.1590    0.0010    0.0048
    0.0691    0.8237    0.0521    0.0551
    0.0000    0.1553    0.7565    0.0882
    0.0349    0.2199    0.3021    0.4430
ans(:,:,142) =
    0.8604    0.1396    0.0000    0.0000
    0.0590    0.8290    0.0501    0.0619
    0.0000    0.1447    0.7806    0.0747
    0.0440    0.2234    0.2910    0.4416
ans(:,:,143) =
    0.8474    0.1523    0.0001    0.0001
    0.0626    0.8428    0.0415    0.0532
    0.0000    0.1476    0.7955    0.0569
    0.0313    0.1922    0.2779    0.4986
ans(:,:,144) =
    0.8389    0.1611    0.0000    0.0000
    0.0628    0.8380    0.0536    0.0456
    0.0000    0.1701    0.7665    0.0634
    0.0351    0.1900    0.2735    0.5014
ans(:,:,145) =
    0.8506    0.1460    0.0000    0.0034
    0.0581    0.8516    0.0481    0.0422
    0.0001    0.1427    0.7646    0.0926
    0.0300    0.2442    0.3202    0.4055
ans(:,:,146) =
    0.8533    0.1455    0.0000    0.0012
    0.0549    0.8335    0.0726    0.0391
    0.0000    0.1685    0.7094    0.1222
    0.0209    0.2038    0.3587    0.4166
ans(:,:,147) =
    0.8367    0.1632    0.0000    0.0001
    0.0521    0.8396    0.0629    0.0454
    0.0000    0.1649    0.7025    0.1326
    0.0137    0.1668    0.4472    0.3724
ans(:,:,148) =
    0.8534    0.1457    0.0010    0.0000
    0.0605    0.8357    0.0599    0.0439
    0.0000    0.1569    0.7479    0.0951
    0.0092    0.1993    0.4262    0.3654
ans(:,:,149) =
    0.8506    0.1485    0.0002    0.0007
    0.0556    0.8476    0.0615    0.0352
    0.0000    0.1468    0.7314    0.1218
    0.0195    0.1825    0.4261    0.3719
ans(:,:,150) =
    0.8621    0.1336    0.0003    0.0040
    0.0421    0.8485    0.0628    0.0466
    0.0003    0.1490    0.7257    0.1249
    0.0248    0.1247    0.4691    0.3815
ans(:,:,151) =
    0.8901    0.1055    0.0002    0.0042
    0.0418    0.8507    0.0603    0.0473
    0.0008    0.1507    0.7433    0.1052
    0.0146    0.1733    0.3609    0.4512
ans(:,:,152) =
    0.8803    0.1176    0.0000    0.0021
    0.0545    0.8371    0.0594    0.0490
    0.0002    0.1605    0.7529    0.0864
    0.0284    0.2046    0.3441    0.4229
ans(:,:,153) =
    0.8923    0.0975    0.0000    0.0102
    0.0491    0.8473    0.0587    0.0449
    0.0000    0.1420    0.7783    0.0797
    0.0272    0.1948    0.3099    0.4681
ans(:,:,154) =
    0.9003    0.0935    0.0000    0.0061
    0.0435    0.8351    0.0701    0.0513
    0.0000    0.1617    0.7342    0.1041
    0.0381    0.2356    0.3048    0.4215
ans(:,:,155) =
    0.9013    0.0865    0.0004    0.0118
    0.0525    0.8501    0.0578    0.0395
    0.0000    0.1613    0.7449    0.0938
    0.0141    0.2519    0.3323    0.4018
ans(:,:,156) =
    0.8877    0.1053    0.0002    0.0069
    0.0515    0.8325    0.0601    0.0559
    0.0000    0.1793    0.7159    0.1048
    0.0430    0.2463    0.3390    0.3717
ans(:,:,157) =
    0.8833    0.1078    0.0000    0.0089
    0.0561    0.8392    0.0645    0.0402
    0.0002    0.1868    0.7229    0.0902
    0.0383    0.1957    0.3389    0.4272
ans(:,:,158) =
    0.8813    0.1106    0.0000    0.0081
    0.0562    0.8356    0.0587    0.0495
    0.0016    0.1606    0.7529    0.0849
    0.0215    0.2456    0.2676    0.4654
ans(:,:,159) =
    0.8931    0.1007    0.0000    0.0062
    0.0614    0.8188    0.0644    0.0555
    0.0014    0.1498    0.7273    0.1215
    0.0497    0.2611    0.2625    0.4268
ans(:,:,160) =
    0.8899    0.0980    0.0003    0.0117
    0.0678    0.8179    0.0566    0.0577
    0.0000    0.1855    0.7038    0.1107
    0.0312    0.2129    0.3226    0.4333
ans(:,:,161) =
    0.8442    0.1447    0.0000    0.0110
    0.0885    0.8127    0.0483    0.0505
    0.0000    0.1620    0.7257    0.1122
    0.0692    0.1564    0.3485    0.4259
ans(:,:,162) =
    0.8562    0.1347    0.0000    0.0090
    0.0776    0.8224    0.0418    0.0582
    0.0000    0.1284    0.7576    0.1140
    0.0572    0.2184    0.2815    0.4430
ans(:,:,163) =
    0.8409    0.1504    0.0000    0.0087
    0.0806    0.8234    0.0438    0.0523
    0.0055    0.1103    0.7631    0.1211
    0.0379    0.1918    0.3275    0.4428
ans(:,:,164) =
    0.8672    0.1188    0.0000    0.0139
    0.0652    0.8400    0.0476    0.0472
    0.0026    0.1270    0.7502    0.1202
    0.0290    0.2206    0.3543    0.3961
ans(:,:,165) =
    0.8716    0.1194    0.0001    0.0089
    0.0562    0.8475    0.0540    0.0424
    0.0000    0.1304    0.7499    0.1197
    0.0262    0.2924    0.2358    0.4456
ans(:,:,166) =
    0.8702    0.1238    0.0009    0.0051
    0.0554    0.8508    0.0521    0.0418
    0.0004    0.1259    0.7612    0.1125
    0.0510    0.1926    0.3597    0.3966
ans(:,:,167) =
    0.8735    0.1107    0.0048    0.0110
    0.0391    0.8790    0.0463    0.0357
    0.0001    0.1317    0.7519    0.1162
    0.0661    0.1800    0.3757    0.3782
ans(:,:,168) =
    0.8714    0.1220    0.0041    0.0025
    0.0440    0.8620    0.0457    0.0484
    0.0001    0.1298    0.7643    0.1058
    0.0282    0.2069    0.3674    0.3975
ans(:,:,169) =
    0.8723    0.1202    0.0052    0.0023
    0.0573    0.8516    0.0472    0.0439
    0.0035    0.1575    0.7531    0.0859
    0.0256    0.2066    0.3589    0.4090
ans(:,:,170) =
    0.8684    0.1310    0.0004    0.0002
    0.0532    0.8301    0.0663    0.0504
    0.0041    0.1678    0.7310    0.0972
    0.0217    0.2203    0.3359    0.4221
ans(:,:,171) =
    0.8592    0.1401    0.0003    0.0004
    0.0597    0.8254    0.0577    0.0572
    0.0016    0.1424    0.7579    0.0981
    0.0576    0.2280    0.3636    0.3508
ans(:,:,172) =
    0.8712    0.1221    0.0065    0.0002
    0.0454    0.8599    0.0454    0.0494
    0.0001    0.1369    0.7565    0.1065
    0.0378    0.1987    0.3545    0.4090
ans(:,:,173) =
    0.8587    0.1336    0.0078    0.0000
    0.0607    0.8362    0.0481    0.0550
    0.0000    0.1535    0.7316    0.1148
    0.0428    0.1967    0.3237    0.4368
ans(:,:,174) =
    0.8600    0.1394    0.0006    0.0001
    0.0554    0.8241    0.0598    0.0608
    0.0000    0.1472    0.7504    0.1024
    0.0455    0.2313    0.2849    0.4383
ans(:,:,175) =
    0.8550    0.1442    0.0007    0.0001
    0.0589    0.8338    0.0476    0.0598
    0.0000    0.1325    0.7746    0.0928
    0.0300    0.2022    0.3904    0.3774
ans(:,:,176) =
    0.8759    0.1189    0.0047    0.0005
    0.0526    0.8468    0.0498    0.0508
    0.0010    0.1441    0.7546    0.1003
    0.0411    0.1914    0.3523    0.4153
ans(:,:,177) =
    0.8801    0.1178    0.0021    0.0001
    0.0540    0.8305    0.0568    0.0587
    0.0000    0.1672    0.7507    0.0820
    0.0615    0.2449    0.2789    0.4147
ans(:,:,178) =
    0.8922    0.1074    0.0000    0.0004
    0.0589    0.8126    0.0608    0.0676
    0.0011    0.1689    0.7437    0.0864
    0.0393    0.2388    0.2172    0.5048
ans(:,:,179) =
    0.8761    0.1238    0.0001    0.0001
    0.0667    0.8158    0.0589    0.0586
    0.0000    0.2016    0.7112    0.0872
    0.0226    0.2781    0.2529    0.4464
ans(:,:,180) =
    0.8743    0.1253    0.0000    0.0004
    0.0643    0.8192    0.0567    0.0598
    0.0000    0.1810    0.7400    0.0790
    0.0244    0.2199    0.3057    0.4500
ans(:,:,181) =
    0.8642    0.1358    0.0000    0.0000
    0.0633    0.8235    0.0553    0.0579
    0.0007    0.2078    0.7266    0.0649
    0.0404    0.2245    0.2655    0.4696
ans(:,:,182) =
    0.8810    0.1185    0.0000    0.0004
    0.0500    0.8436    0.0500    0.0564
    0.0000    0.1849    0.7304    0.0847
    0.0451    0.1846    0.3007    0.4695
ans(:,:,183) =
    0.8681    0.1298    0.0002    0.0020
    0.0533    0.8297    0.0552    0.0618
    0.0002    0.1693    0.7436    0.0869
    0.0423    0.2512    0.2525    0.4539
ans(:,:,184) =
    0.8891    0.1109    0.0000    0.0000
    0.0447    0.8481    0.0655    0.0417
    0.0007    0.1486    0.7380    0.1127
    0.0420    0.2003    0.3735    0.3842
ans(:,:,185) =
    0.8802    0.1136    0.0057    0.0006
    0.0615    0.8428    0.0523    0.0434
    0.0014    0.1440    0.7312    0.1233
    0.0487    0.1557    0.4264    0.3692
ans(:,:,186) =
    0.8805    0.1181    0.0010    0.0004
    0.0479    0.8474    0.0545    0.0501
    0.0000    0.1406    0.7329    0.1266
    0.0501    0.1875    0.4298    0.3326
ans(:,:,187) =
    0.8611    0.1356    0.0000    0.0033
    0.0564    0.8505    0.0423    0.0508
    0.0000    0.1310    0.7489    0.1201
    0.0354    0.1803    0.3826    0.4016
ans(:,:,188) =
    0.8716    0.1276    0.0000    0.0008
    0.0523    0.8510    0.0521    0.0446
    0.0006    0.1158    0.7553    0.1283
    0.0490    0.1605    0.3595    0.4310
ans(:,:,189) =
    0.8920    0.1069    0.0000    0.0011
    0.0448    0.8599    0.0381    0.0573
    0.0013    0.1045    0.7544    0.1397
    0.0156    0.2148    0.3597    0.4098
ans(:,:,190) =
    0.8622    0.1364    0.0000    0.0014
    0.0566    0.8419    0.0459    0.0556
    0.0001    0.1210    0.7614    0.1176
    0.0442    0.1926    0.3186    0.4445
ans(:,:,191) =
    0.8484    0.1516    0.0000    0.0000
    0.0677    0.8322    0.0488    0.0513
    0.0000    0.1274    0.7424    0.1302
    0.0455    0.1346    0.4743    0.3456
ans(:,:,192) =
    0.8196    0.1794    0.0010    0.0000
    0.0700    0.8325    0.0523    0.0452
    0.0004    0.1279    0.7271    0.1446
    0.0424    0.1879    0.4097    0.3600
ans(:,:,193) =
    0.8294    0.1702    0.0004    0.0000
    0.0758    0.8418    0.0333    0.0491
    0.0000    0.1315    0.7391    0.1294
    0.0367    0.1083    0.4206    0.4344
ans(:,:,194) =
    0.8391    0.1588    0.0020    0.0000
    0.0704    0.8296    0.0375    0.0625
    0.0017    0.1285    0.7223    0.1475
    0.0642    0.1031    0.4391    0.3936
ans(:,:,195) =
    0.8476    0.1506    0.0013    0.0005
    0.0714    0.8326    0.0310    0.0650
    0.0000    0.1328    0.7494    0.1177
    0.0532    0.0948    0.4001    0.4518
ans(:,:,196) =
    0.8322    0.1628    0.0039    0.0011
    0.0717    0.8330    0.0367    0.0587
    0.0000    0.1352    0.7473    0.1175
    0.0490    0.1153    0.3663    0.4694
ans(:,:,197) =
    0.8040    0.1906    0.0040    0.0014
    0.0763    0.8302    0.0362    0.0574
    0.0000    0.1356    0.7624    0.1020
    0.0641    0.1029    0.3772    0.4558
ans(:,:,198) =
    0.8124    0.1856    0.0001    0.0018
    0.0881    0.8168    0.0462    0.0489
    0.0000    0.1448    0.7516    0.1035
    0.0453    0.1170    0.3945    0.4432
ans(:,:,199) =
    0.8092    0.1886    0.0008    0.0014
    0.0880    0.8205    0.0404    0.0511
    0.0000    0.1357    0.7482    0.1161
    0.0545    0.1588    0.3767    0.4100
ans(:,:,200) =
    0.8128    0.1842    0.0000    0.0030
    0.0812    0.8282    0.0421    0.0486
    0.0000    0.1042    0.7870    0.1088
    0.0715    0.1000    0.3814    0.4471
ans(:,:,201) =
    0.8307    0.1622    0.0000    0.0071
    0.0786    0.8351    0.0409    0.0454
    0.0000    0.1107    0.7544    0.1349
    0.0366    0.1215    0.4397    0.4023
ans(:,:,202) =
    0.8440    0.1532    0.0001    0.0027
    0.0717    0.8393    0.0482    0.0408
    0.0006    0.1276    0.7214    0.1504
    0.0510    0.1674    0.4305    0.3511
ans(:,:,203) =
    0.8537    0.1425    0.0004    0.0034
    0.0549    0.8389    0.0574    0.0487
    0.0016    0.1342    0.7202    0.1439
    0.0467    0.1725    0.3226    0.4582
ans(:,:,204) =
    0.8492    0.1454    0.0013    0.0041
    0.0544    0.8609    0.0436    0.0412
    0.0000    0.1171    0.7543    0.1286
    0.0396    0.1951    0.3252    0.4401
ans(:,:,205) =
    0.8467    0.1343    0.0025    0.0164
    0.0702    0.8419    0.0448    0.0431
    0.0000    0.1093    0.7512    0.1395
    0.0331    0.2007    0.3265    0.4398
ans(:,:,206) =
    0.8460    0.1396    0.0021    0.0122
    0.0590    0.8572    0.0334    0.0503
    0.0004    0.1028    0.7820    0.1148
    0.0295    0.2286    0.2676    0.4743
ans(:,:,207) =
    0.8545    0.1334    0.0035    0.0086
    0.0555    0.8567    0.0345    0.0533
    0.0000    0.1137    0.7803    0.1060
    0.0304    0.2562    0.2630    0.4504
ans(:,:,208) =
    0.8572    0.1421    0.0000    0.0007
    0.0710    0.8306    0.0433    0.0552
    0.0000    0.1050    0.7729    0.1221
    0.0148    0.3110    0.2496    0.4246
ans(:,:,209) =
    0.8466    0.1519    0.0001    0.0013
    0.0485    0.8567    0.0434    0.0514
    0.0000    0.1296    0.7555    0.1149
    0.0254    0.2637    0.3259    0.3849
ans(:,:,210) =
    0.8620    0.1370    0.0010    0.0000
    0.0593    0.8413    0.0446    0.0548
    0.0000    0.1451    0.7677    0.0871
    0.0312    0.1964    0.3257    0.4466
ans(:,:,211) =
    0.8568    0.1432    0.0000    0.0000
    0.0587    0.8526    0.0421    0.0466
    0.0000    0.1288    0.7724    0.0988
    0.0303    0.2086    0.3801    0.3810
ans(:,:,212) =
    0.8697    0.1282    0.0000    0.0020
    0.0530    0.8488    0.0482    0.0501
    0.0008    0.1214    0.7407    0.1370
    0.0121    0.2113    0.3497    0.4269
ans(:,:,213) =
    0.8762    0.1238    0.0000    0.0000
    0.0378    0.8702    0.0364    0.0557
    0.0021    0.1173    0.7628    0.1178
    0.0154    0.1880    0.3088    0.4878
ans(:,:,214) =
    0.8810    0.1190    0.0000    0.0000
    0.0462    0.8665    0.0328    0.0545
    0.0038    0.1180    0.7334    0.1448
    0.0116    0.1878    0.3666    0.4340
ans(:,:,215) =
    0.8547    0.1449    0.0000    0.0004
    0.0601    0.8592    0.0297    0.0510
    0.0147    0.1003    0.7584    0.1267
    0.0209    0.1599    0.4041    0.4151
ans(:,:,216) =
    0.8539    0.1456    0.0002    0.0003
    0.0590    0.8603    0.0329    0.0479
    0.0102    0.1360    0.7536    0.1002
    0.0317    0.1656    0.3427    0.4601
ans(:,:,217) =
    0.8195    0.1792    0.0013    0.0000
    0.0622    0.8538    0.0394    0.0446
    0.0191    0.1036    0.7491    0.1282
    0.0235    0.1351    0.3842    0.4572
ans(:,:,218) =
    0.8485    0.1501    0.0002    0.0012
    0.0626    0.8449    0.0440    0.0486
    0.0080    0.1150    0.7678    0.1092
    0.0422    0.1459    0.3490    0.4628
ans(:,:,219) =
    0.8347    0.1638    0.0000    0.0011
    0.0688    0.8416    0.0408    0.0488
    0.0052    0.1156    0.7625    0.1167
    0.0317    0.1768    0.4040    0.3874
ans(:,:,220) =
    0.8038    0.1883    0.0015    0.0064
    0.0745    0.8360    0.0487    0.0409
    0.0105    0.1241    0.7446    0.1208
    0.0490    0.1002    0.4254    0.4254
ans(:,:,221) =
    0.8228    0.1724    0.0000    0.0048
    0.0729    0.8227    0.0628    0.0416
    0.0126    0.1331    0.7395    0.1147
    0.0410    0.1404    0.4090    0.4096
ans(:,:,222) =
    0.8410    0.1569    0.0000    0.0021
    0.0701    0.8315    0.0596    0.0388
    0.0038    0.1383    0.7201    0.1379
    0.0530    0.1138    0.4387    0.3945
ans(:,:,223) =
    0.8602    0.1311    0.0000    0.0087
    0.0669    0.8403    0.0612    0.0316
    0.0019    0.1380    0.7179    0.1422
    0.0573    0.1374    0.4464    0.3590
ans(:,:,224) =
    0.8491    0.1398    0.0006    0.0105
    0.0628    0.8289    0.0683    0.0400
    0.0011    0.1342    0.7044    0.1603
    0.0298    0.1118    0.4531    0.4053
ans(:,:,225) =
    0.8564    0.1335    0.0000    0.0100
    0.0708    0.8289    0.0509    0.0495
    0.0093    0.1420    0.6944    0.1544
    0.0404    0.1131    0.4274    0.4191
ans(:,:,226) =
    0.8544    0.1420    0.0000    0.0036
    0.0652    0.8345    0.0483    0.0520
    0.0059    0.1281    0.7158    0.1502
    0.0412    0.1559    0.4077    0.3953
ans(:,:,227) =
    0.8333    0.1652    0.0000    0.0014
    0.0832    0.8214    0.0463    0.0491
    0.0007    0.1307    0.7158    0.1528
    0.0538    0.1216    0.4262    0.3984
ans(:,:,228) =
    0.8093    0.1883    0.0024    0.0000
    0.0775    0.8175    0.0444    0.0606
    0.0011    0.1378    0.7354    0.1257
    0.0810    0.0946    0.3668    0.4575
ans(:,:,229) =
    0.8217    0.1708    0.0075    0.0000
    0.0807    0.8174    0.0400    0.0618
    0.0000    0.1521    0.7503    0.0976
    0.0538    0.1240    0.3405    0.4817
ans(:,:,230) =
    0.8270    0.1684    0.0042    0.0005
    0.0799    0.8208    0.0413    0.0580
    0.0009    0.1548    0.7304    0.1139
    0.0502    0.1420    0.3429    0.4649
ans(:,:,231) =
    0.8111    0.1823    0.0057    0.0008
    0.0750    0.8267    0.0387    0.0596
    0.0001    0.1544    0.7202    0.1253
    0.0384    0.1733    0.3919    0.3963
ans(:,:,232) =
    0.8553    0.1350    0.0063    0.0034
    0.0742    0.8349    0.0442    0.0467
    0.0057    0.1340    0.7451    0.1153
    0.0189    0.1771    0.3612    0.4429
ans(:,:,233) =
    0.8329    0.1604    0.0029    0.0038
    0.0753    0.8343    0.0462    0.0442
    0.0000    0.1412    0.7356    0.1232
    0.0322    0.1638    0.3429    0.4610
ans(:,:,234) =
    0.8165    0.1800    0.0003    0.0031
    0.0837    0.8239    0.0444    0.0480
    0.0001    0.1239    0.7653    0.1107
    0.0191    0.1813    0.3602    0.4395
ans(:,:,235) =
    0.8032    0.1884    0.0009    0.0075
    0.0725    0.8368    0.0449    0.0458
    0.0000    0.1243    0.7512    0.1245
    0.0216    0.1524    0.3553    0.4703
ans(:,:,236) =
    0.8396    0.1576    0.0000    0.0028
    0.0757    0.8342    0.0465    0.0437
    0.0000    0.1271    0.7286    0.1443
    0.0169    0.2062    0.3186    0.4584
ans(:,:,237) =
    0.8422    0.1450    0.0000    0.0128
    0.0742    0.8340    0.0444    0.0473
    0.0000    0.1113    0.7635    0.1252
    0.0368    0.1830    0.3602    0.4200
ans(:,:,238) =
    0.8528    0.1268    0.0000    0.0203
    0.0786    0.8382    0.0394    0.0438
    0.0000    0.1328    0.7770    0.0901
    0.0326    0.1642    0.3487    0.4544
ans(:,:,239) =
    0.8356    0.1453    0.0041    0.0150
    0.0790    0.8330    0.0326    0.0554
    0.0000    0.1236    0.7611    0.1153
    0.0269    0.1832    0.3355    0.4544
ans(:,:,240) =
    0.8140    0.1696    0.0019    0.0145
    0.1043    0.8022    0.0388    0.0546
    0.0000    0.1240    0.7403    0.1357
    0.0305    0.2189    0.3336    0.4169
ans(:,:,241) =
    0.8000    0.1803    0.0006    0.0191
    0.0887    0.8293    0.0337    0.0482
    0.0017    0.1355    0.7270    0.1359
    0.0451    0.1521    0.3792    0.4236
ans(:,:,242) =
    0.8067    0.1676    0.0002    0.0255
    0.1159    0.8093    0.0405    0.0343
    0.0000    0.0922    0.7600    0.1478
    0.0563    0.1799    0.3042    0.4595
ans(:,:,243) =
    0.7864    0.2048    0.0000    0.0089
    0.1163    0.7968    0.0430    0.0439
    0.0000    0.1030    0.7662    0.1308
    0.0799    0.1296    0.3428    0.4477
ans(:,:,244) =
    0.7726    0.2187    0.0000    0.0086
    0.1175    0.7859    0.0575    0.0391
    0.0000    0.1259    0.7607    0.1134
    0.0449    0.1636    0.3313    0.4602
ans(:,:,245) =
    0.8170    0.1715    0.0001    0.0113
    0.1049    0.7965    0.0560    0.0426
    0.0000    0.1384    0.7565    0.1051
    0.0639    0.1487    0.3586    0.4289
ans(:,:,246) =
    0.8256    0.1635    0.0000    0.0109
    0.0867    0.8114    0.0607    0.0411
    0.0000    0.1473    0.7206    0.1321
    0.0685    0.1773    0.3965    0.3577
ans(:,:,247) =
    0.8266    0.1617    0.0002    0.0116
    0.0927    0.8184    0.0363    0.0526
    0.0003    0.1229    0.7881    0.0887
    0.0860    0.1238    0.3518    0.4384
ans(:,:,248) =
    0.8148    0.1695    0.0000    0.0158
    0.0685    0.8452    0.0326    0.0537
    0.0000    0.1187    0.7648    0.1165
    0.0702    0.1229    0.3444    0.4624
ans(:,:,249) =
    0.8302    0.1568    0.0001    0.0129
    0.0811    0.8375    0.0278    0.0536
    0.0000    0.1025    0.7501    0.1474
    0.0722    0.1637    0.3151    0.4490
ans(:,:,250) =
    0.8243    0.1561    0.0012    0.0184
    0.0796    0.8363    0.0322    0.0519
    0.0004    0.1250    0.7517    0.1229
    0.0749    0.1315    0.3995    0.3940
ans(:,:,251) =
    0.8461    0.1437    0.0000    0.0102
    0.0794    0.8303    0.0353    0.0550
    0.0000    0.1212    0.7783    0.1005
    0.0756    0.1522    0.3937    0.3785
ans(:,:,252) =
    0.8448    0.1442    0.0012    0.0098
    0.0773    0.8136    0.0595    0.0496
    0.0000    0.1488    0.7481    0.1031
    0.0545    0.1699    0.3476    0.4280
ans(:,:,253) =
    0.8409    0.1516    0.0000    0.0075
    0.0773    0.8124    0.0621    0.0482
    0.0000    0.1574    0.7624    0.0802
    0.0665    0.1459    0.3283    0.4594
ans(:,:,254) =
    0.8107    0.1852    0.0000    0.0041
    0.0687    0.8383    0.0509    0.0421
    0.0000    0.1417    0.7484    0.1099
    0.0531    0.1958    0.3874    0.3637
ans(:,:,255) =
    0.8367    0.1579    0.0000    0.0054
    0.0710    0.8316    0.0587    0.0387
    0.0019    0.1450    0.7221    0.1310
    0.0662    0.1935    0.3696    0.3706
ans(:,:,256) =
    0.8543    0.1382    0.0001    0.0073
    0.0768    0.8245    0.0544    0.0443
    0.0000    0.1113    0.7724    0.1163
    0.0697    0.2473    0.2756    0.4073
ans(:,:,257) =
    0.8523    0.1329    0.0000    0.0148
    0.0734    0.8354    0.0399    0.0513
    0.0031    0.1052    0.7942    0.0975
    0.0230    0.2629    0.3035    0.4106
ans(:,:,258) =
    0.8565    0.1398    0.0001    0.0035
    0.0597    0.8558    0.0429    0.0416
    0.0000    0.1375    0.7556    0.1069
    0.0220    0.2582    0.3448    0.3750
ans(:,:,259) =
    0.8308    0.1606    0.0027    0.0059
    0.0689    0.8422    0.0432    0.0458
    0.0000    0.1199    0.7471    0.1330
    0.0203    0.2428    0.3711    0.3659
ans(:,:,260) =
    0.8013    0.1915    0.0000    0.0072
    0.0678    0.8393    0.0442    0.0487
    0.0000    0.1200    0.7742    0.1057
    0.0228    0.2917    0.2313    0.4542
ans(:,:,261) =
    0.7903    0.2067    0.0003    0.0027
    0.0742    0.8321    0.0491    0.0446
    0.0000    0.1393    0.7236    0.1371
    0.0098    0.2903    0.2893    0.4106
ans(:,:,262) =
    0.8543    0.1440    0.0005    0.0012
    0.0713    0.8223    0.0489    0.0574
    0.0000    0.1565    0.7179    0.1255
    0.0298    0.2061    0.3747    0.3895
ans(:,:,263) =
    0.8672    0.1301    0.0000    0.0027
    0.0605    0.8279    0.0552    0.0564
    0.0000    0.1461    0.7357    0.1181
    0.0338    0.2142    0.3553    0.3967
ans(:,:,264) =
    0.8353    0.1623    0.0010    0.0014
    0.0735    0.8144    0.0542    0.0579
    0.0000    0.1705    0.7237    0.1059
    0.0372    0.2060    0.3063    0.4506
ans(:,:,265) =
    0.8194    0.1784    0.0000    0.0022
    0.0792    0.8263    0.0330    0.0614
    0.0000    0.1489    0.7505    0.1005
    0.0270    0.2308    0.2814    0.4609
ans(:,:,266) =
    0.7955    0.1992    0.0001    0.0051
    0.0750    0.8396    0.0344    0.0511
    0.0032    0.1260    0.7502    0.1206
    0.0314    0.2276    0.2993    0.4416
ans(:,:,267) =
    0.8090    0.1861    0.0000    0.0049
    0.0811    0.8215    0.0408    0.0567
    0.0000    0.0852    0.7841    0.1307
    0.0225    0.2495    0.2936    0.4344
ans(:,:,268) =
    0.8310    0.1589    0.0000    0.0101
    0.0687    0.8264    0.0542    0.0507
    0.0000    0.1247    0.7618    0.1134
    0.0384    0.2611    0.2838    0.4167
ans(:,:,269) =
    0.8330    0.1599    0.0002    0.0069
    0.0634    0.8274    0.0572    0.0519
    0.0009    0.1424    0.7523    0.1044
    0.0402    0.1805    0.3592    0.4201
ans(:,:,270) =
    0.8273    0.1718    0.0000    0.0009
    0.0784    0.8147    0.0507    0.0562
    0.0000    0.1623    0.7278    0.1099
    0.0668    0.1394    0.3433    0.4506
ans(:,:,271) =
    0.8482    0.1465    0.0000    0.0053
    0.0709    0.8197    0.0572    0.0522
    0.0000    0.1396    0.7448    0.1156
    0.0561    0.1855    0.2991    0.4594
ans(:,:,272) =
    0.8462    0.1478    0.0000    0.0059
    0.0670    0.8164    0.0604    0.0561
    0.0007    0.1577    0.7332    0.1083
    0.0598    0.1844    0.3832    0.3725
ans(:,:,273) =
    0.8499    0.1442    0.0016    0.0044
    0.0844    0.8040    0.0617    0.0500
    0.0000    0.2090    0.7002    0.0908
    0.0354    0.2015    0.3953    0.3678
ans(:,:,274) =
    0.8490    0.1498    0.0013    0.0000
    0.0750    0.8011    0.0674    0.0565
    0.0000    0.1770    0.7380    0.0850
    0.0548    0.1500    0.3757    0.4195
ans(:,:,275) =
    0.8413    0.1558    0.0029    0.0000
    0.0723    0.8176    0.0589    0.0512
    0.0007    0.1700    0.6962    0.1332
    0.0696    0.1606    0.3668    0.4029
ans(:,:,276) =
    0.8608    0.1385    0.0005    0.0003
    0.0632    0.8361    0.0491    0.0517
    0.0001    0.1446    0.7438    0.1115
    0.0492    0.1413    0.4179    0.3916
ans(:,:,277) =
    0.8491    0.1483    0.0024    0.0003
    0.0562    0.8364    0.0507    0.0567
    0.0005    0.1590    0.7351    0.1054
    0.0464    0.1252    0.3495    0.4789
ans(:,:,278) =
    0.8508    0.1469    0.0023    0.0000
    0.0510    0.8511    0.0459    0.0520
    0.0000    0.1417    0.7474    0.1109
    0.0270    0.1731    0.3537    0.4462
ans(:,:,279) =
    0.8258    0.1680    0.0059    0.0003
    0.0626    0.8410    0.0487    0.0477
    0.0000    0.1452    0.7365    0.1182
    0.0326    0.1489    0.3186    0.4999
ans(:,:,280) =
    0.8130    0.1799    0.0070    0.0000
    0.0583    0.8513    0.0479    0.0425
    0.0001    0.1045    0.7650    0.1303
    0.0360    0.1928    0.3084    0.4628
ans(:,:,281) =
    0.8225    0.1741    0.0035    0.0000
    0.0619    0.8469    0.0524    0.0388
    0.0000    0.1291    0.7610    0.1100
    0.0315    0.2036    0.3867    0.3782
ans(:,:,282) =
    0.8497    0.1498    0.0004    0.0000
    0.0499    0.8516    0.0626    0.0359
    0.0000    0.1259    0.7493    0.1248
    0.0310    0.1825    0.3409    0.4456
ans(:,:,283) =
    0.8683    0.1315    0.0000    0.0001
    0.0406    0.8677    0.0497    0.0421
    0.0000    0.1357    0.7569    0.1074
    0.0117    0.2005    0.3522    0.4356
ans(:,:,284) =
    0.8450    0.1542    0.0008    0.0000
    0.0520    0.8575    0.0467    0.0438
    0.0000    0.1257    0.7475    0.1268
    0.0308    0.1480    0.3723    0.4488
ans(:,:,285) =
    0.8852    0.1148    0.0000    0.0000
    0.0408    0.8627    0.0455    0.0510
    0.0004    0.1476    0.7487    0.1032
    0.0085    0.1539    0.3585    0.4791
ans(:,:,286) =
    0.8449    0.1471    0.0000    0.0080
    0.0484    0.8492    0.0543    0.0480
    0.0020    0.1424    0.7273    0.1284
    0.0143    0.1535    0.3708    0.4615
ans(:,:,287) =
    0.8648    0.1311    0.0012    0.0030
    0.0411    0.8559    0.0609    0.0421
    0.0000    0.1383    0.7438    0.1180
    0.0164    0.1612    0.3867    0.4357
ans(:,:,288) =
    0.8827    0.1143    0.0006    0.0024
    0.0365    0.8692    0.0532    0.0411
    0.0000    0.1287    0.7607    0.1106
    0.0471    0.1668    0.3805    0.4056
ans(:,:,289) =
    0.8936    0.1063    0.0000    0.0001
    0.0457    0.8679    0.0378    0.0486
    0.0000    0.1040    0.8040    0.0920
    0.0263    0.1884    0.3087    0.4765
ans(:,:,290) =
    0.8815    0.1179    0.0000    0.0006
    0.0377    0.8653    0.0413    0.0558
    0.0000    0.1206    0.7880    0.0915
    0.0317    0.2119    0.2948    0.4615
ans(:,:,291) =
    0.8809    0.1191    0.0000    0.0000
    0.0445    0.8581    0.0450    0.0525
    0.0000    0.1255    0.7889    0.0856
    0.0281    0.2404    0.2930    0.4385
ans(:,:,292) =
    0.8700    0.1238    0.0061    0.0000
    0.0475    0.8510    0.0500    0.0514
    0.0002    0.1455    0.7457    0.1086
    0.0385    0.2632    0.3159    0.3824
ans(:,:,293) =
    0.8717    0.1236    0.0046    0.0001
    0.0509    0.8701    0.0343    0.0447
    0.0010    0.1335    0.7500    0.1155
    0.0506    0.1958    0.3316    0.4219
ans(:,:,294) =
    0.8808    0.1074    0.0118    0.0000
    0.0483    0.8550    0.0337    0.0630
    0.0000    0.1656    0.7453    0.0891
    0.0321    0.1954    0.3381    0.4345
ans(:,:,295) =
    0.8844    0.1040    0.0116    0.0000
    0.0485    0.8561    0.0439    0.0515
    0.0002    0.1150    0.8104    0.0744
    0.0440    0.2021    0.2918    0.4622
ans(:,:,296) =
    0.8917    0.1052    0.0031    0.0000
    0.0500    0.8453    0.0462    0.0585
    0.0000    0.1547    0.7499    0.0954
    0.0413    0.1689    0.2741    0.5157
ans(:,:,297) =
    0.8861    0.1107    0.0032    0.0000
    0.0553    0.8460    0.0411    0.0576
    0.0000    0.1591    0.7233    0.1176
    0.0368    0.2003    0.3392    0.4237
ans(:,:,298) =
    0.8799    0.1199    0.0002    0.0000
    0.0475    0.8522    0.0437    0.0566
    0.0002    0.1584    0.7453    0.0961
    0.0405    0.1778    0.2806    0.5010
ans(:,:,299) =
    0.8467    0.1532    0.0001    0.0000
    0.0568    0.8534    0.0470    0.0428
    0.0000    0.1369    0.7747    0.0884
    0.0383    0.1804    0.3228    0.4585
ans(:,:,300) =
    0.8664    0.1335    0.0000    0.0002
    0.0593    0.8374    0.0485    0.0549
    0.0000    0.1503    0.7633    0.0865
    0.0181    0.2141    0.2767    0.4910
ans(:,:,301) =
    0.8710    0.1290    0.0000    0.0000
    0.0512    0.8498    0.0480    0.0511
    0.0000    0.1708    0.7501    0.0791
    0.0469    0.1813    0.3057    0.4661
ans(:,:,302) =
    0.8792    0.1208    0.0000    0.0000
    0.0594    0.8322    0.0428    0.0655
    0.0001    0.1616    0.7517    0.0865
    0.0279    0.2216    0.3323    0.4182
ans(:,:,303) =
    0.8641    0.1359    0.0000    0.0000
    0.0582    0.8358    0.0462    0.0599
    0.0003    0.1711    0.7510    0.0775
    0.0560    0.2068    0.2664    0.4707
ans(:,:,304) =
    0.8688    0.1307    0.0002    0.0003
    0.0523    0.8370    0.0568    0.0539
    0.0112    0.1862    0.7149    0.0878
    0.0662    0.1702    0.3490    0.4146
ans(:,:,305) =
    0.8931    0.1068    0.0001    0.0000
    0.0462    0.8465    0.0593    0.0479
    0.0035    0.1738    0.7389    0.0838
    0.0503    0.2382    0.3365    0.3750
ans(:,:,306) =
    0.8733    0.1266    0.0000    0.0000
    0.0619    0.8399    0.0452    0.0530
    0.0000    0.1388    0.7959    0.0652
    0.0355    0.2210    0.3236    0.4198
ans(:,:,307) =
    0.8664    0.1331    0.0004    0.0002
    0.0521    0.8443    0.0466    0.0570
    0.0000    0.1369    0.7881    0.0750
    0.0158    0.2230    0.2638    0.4974
ans(:,:,308) =
    0.8814    0.1165    0.0020    0.0000
    0.0437    0.8614    0.0423    0.0526
    0.0000    0.1338    0.7701    0.0961
    0.0186    0.2284    0.3633    0.3896
ans(:,:,309) =
    0.8762    0.1207    0.0030    0.0001
    0.0468    0.8481    0.0541    0.0510
    0.0000    0.1273    0.7684    0.1042
    0.0350    0.2200    0.2943    0.4507
ans(:,:,310) =
    0.8686    0.1314    0.0000    0.0000
    0.0538    0.8454    0.0487    0.0521
    0.0064    0.1392    0.7647    0.0897
    0.0233    0.2226    0.3173    0.4368
ans(:,:,311) =
    0.8442    0.1543    0.0014    0.0000
    0.0668    0.8297    0.0367    0.0669
    0.0000    0.1441    0.7870    0.0690
    0.0058    0.2197    0.2722    0.5023
ans(:,:,312) =
    0.8609    0.1391    0.0000    0.0000
    0.0664    0.8319    0.0424    0.0592
    0.0000    0.1342    0.7925    0.0733
    0.0053    0.2514    0.2850    0.4582
ans(:,:,313) =
    0.8533    0.1465    0.0000    0.0002
    0.0782    0.8211    0.0453    0.0554
    0.0000    0.1582    0.7407    0.1010
    0.0218    0.2343    0.2982    0.4457
ans(:,:,314) =
    0.8245    0.1747    0.0005    0.0003
    0.0951    0.7935    0.0501    0.0613
    0.0005    0.1633    0.7525    0.0837
    0.0341    0.2518    0.2484    0.4657
ans(:,:,315) =
    0.8195    0.1805    0.0000    0.0000
    0.0789    0.8128    0.0467    0.0617
    0.0001    0.1248    0.7737    0.1014
    0.0447    0.1925    0.2959    0.4669
ans(:,:,316) =
    0.8224    0.1774    0.0000    0.0002
    0.0699    0.8249    0.0556    0.0496
    0.0021    0.1785    0.6913    0.1280
    0.0794    0.1069    0.3745    0.4392
ans(:,:,317) =
    0.8456    0.1544    0.0000    0.0001
    0.0730    0.8222    0.0499    0.0550
    0.0116    0.1384    0.7322    0.1177
    0.0764    0.1176    0.3890    0.4170
ans(:,:,318) =
    0.8464    0.1534    0.0002    0.0000
    0.0684    0.8335    0.0482    0.0499
    0.0003    0.1451    0.7466    0.1080
    0.0627    0.1606    0.3673    0.4094
ans(:,:,319) =
    0.8596    0.1403    0.0001    0.0000
    0.0623    0.8412    0.0397    0.0568
    0.0000    0.1394    0.7576    0.1030
    0.0471    0.2136    0.3382    0.4010
ans(:,:,320) =
    0.8400    0.1595    0.0002    0.0003
    0.0639    0.8352    0.0478    0.0532
    0.0000    0.1354    0.7581    0.1065
    0.0587    0.1723    0.3693    0.3997
ans(:,:,321) =
    0.8433    0.1535    0.0032    0.0000
    0.0652    0.8429    0.0375    0.0544
    0.0025    0.1513    0.7419    0.1044
    0.0279    0.1521    0.4275    0.3925
ans(:,:,322) =
    0.8395    0.1595    0.0001    0.0009
    0.0601    0.8501    0.0412    0.0486
    0.0083    0.1500    0.7326    0.1092
    0.0481    0.1726    0.3726    0.4067
ans(:,:,323) =
    0.8377    0.1623    0.0000    0.0000
    0.0678    0.8334    0.0403    0.0585
    0.0051    0.1406    0.7650    0.0893
    0.0368    0.1796    0.3595    0.4240
ans(:,:,324) =
    0.8635    0.1339    0.0015    0.0011
    0.0596    0.8355    0.0444    0.0604
    0.0058    0.1333    0.7627    0.0982
    0.0382    0.1963    0.3462    0.4193
ans(:,:,325) =
    0.8588    0.1382    0.0027    0.0004
    0.0577    0.8431    0.0420    0.0571
    0.0003    0.1577    0.7531    0.0888
    0.0275    0.2419    0.2742    0.4564
ans(:,:,326) =
    0.8374    0.1603    0.0014    0.0010
    0.0727    0.8314    0.0390    0.0570
    0.0000    0.1517    0.7514    0.0968
    0.0106    0.2210    0.2577    0.5106
ans(:,:,327) =
    0.8432    0.1541    0.0000    0.0027
    0.0663    0.8461    0.0366    0.0510
    0.0001    0.1414    0.7565    0.1020
    0.0289    0.1646    0.3085    0.4980
ans(:,:,328) =
    0.8422    0.1572    0.0002    0.0005
    0.0747    0.8399    0.0328    0.0525
    0.0017    0.0915    0.8053    0.1015
    0.0420    0.1776    0.3289    0.4515
ans(:,:,329) =
    0.8650    0.1335    0.0000    0.0014
    0.0702    0.8321    0.0424    0.0553
    0.0000    0.0864    0.7671    0.1464
    0.0307    0.2567    0.2627    0.4498
ans(:,:,330) =
    0.8340    0.1638    0.0000    0.0022
    0.0893    0.8137    0.0281    0.0690
    0.0000    0.1136    0.7738    0.1126
    0.0527    0.1918    0.3118    0.4437
ans(:,:,331) =
    0.8614    0.1350    0.0000    0.0037
    0.0806    0.8212    0.0366    0.0616
    0.0009    0.0934    0.7560    0.1497
    0.0298    0.2471    0.2775    0.4457
ans(:,:,332) =
    0.8263    0.1669    0.0000    0.0068
    0.0780    0.8345    0.0267    0.0608
    0.0004    0.0800    0.7892    0.1303
    0.0159    0.2663    0.2838    0.4339
ans(:,:,333) =
    0.8395    0.1574    0.0000    0.0031
    0.0661    0.8410    0.0374    0.0555
    0.0010    0.0951    0.7895    0.1145
    0.0209    0.2749    0.2318    0.4725
ans(:,:,334) =
    0.8482    0.1448    0.0000    0.0071
    0.0808    0.8328    0.0263    0.0601
    0.0015    0.0837    0.7988    0.1160
    0.0205    0.2929    0.2346    0.4521
ans(:,:,335) =
    0.8441    0.1505    0.0000    0.0053
    0.0758    0.8291    0.0291    0.0661
    0.0002    0.0959    0.7989    0.1050
    0.0109    0.2815    0.2417    0.4659
ans(:,:,336) =
    0.8233    0.1733    0.0007    0.0027
    0.0718    0.8330    0.0294    0.0658
    0.0010    0.0928    0.8241    0.0821
    0.0096    0.2308    0.2470    0.5126
ans(:,:,337) =
    0.8258    0.1684    0.0003    0.0055
    0.0867    0.8371    0.0223    0.0539
    0.0000    0.0789    0.8083    0.1127
    0.0003    0.2775    0.2555    0.4667
ans(:,:,338) =
    0.8089    0.1883    0.0000    0.0029
    0.0854    0.8219    0.0379    0.0549
    0.0000    0.1047    0.7798    0.1155
    0.0030    0.2887    0.2144    0.4940
ans(:,:,339) =
    0.8288    0.1691    0.0000    0.0021
    0.0872    0.8173    0.0423    0.0532
    0.0000    0.0908    0.7906    0.1186
    0.0099    0.2888    0.1916    0.5096
ans(:,:,340) =
    0.8181    0.1796    0.0002    0.0020
    0.0764    0.8341    0.0390    0.0505
    0.0000    0.0997    0.7786    0.1217
    0.0199    0.2641    0.2719    0.4441
ans(:,:,341) =
    0.8076    0.1842    0.0024    0.0058
    0.0879    0.8118    0.0505    0.0498
    0.0000    0.1319    0.7357    0.1324
    0.0199    0.2512    0.2869    0.4420
ans(:,:,342) =
    0.8345    0.1624    0.0000    0.0030
    0.0683    0.8171    0.0539    0.0607
    0.0000    0.1333    0.7193    0.1474
    0.0193    0.1877    0.3816    0.4115
ans(:,:,343) =
    0.8162    0.1830    0.0001    0.0007
    0.0838    0.8146    0.0545    0.0471
    0.0000    0.1245    0.7414    0.1341
    0.0043    0.2071    0.3429    0.4457
ans(:,:,344) =
    0.8131    0.1851    0.0000    0.0018
    0.0654    0.8335    0.0617    0.0394
    0.0001    0.1655    0.7063    0.1281
    0.0233    0.1589    0.3534    0.4644
ans(:,:,345) =
    0.8345    0.1654    0.0000    0.0000
    0.0651    0.8283    0.0553    0.0512
    0.0000    0.1620    0.6924    0.1456
    0.0453    0.1545    0.3835    0.4168
ans(:,:,346) =
    0.8184    0.1815    0.0000    0.0000
    0.0654    0.8265    0.0543    0.0538
    0.0018    0.1663    0.7020    0.1299
    0.0404    0.1462    0.3820    0.4314
ans(:,:,347) =
    0.8150    0.1841    0.0008    0.0001
    0.0719    0.8336    0.0522    0.0424
    0.0035    0.1636    0.6955    0.1374
    0.0542    0.1548    0.4642    0.3267
ans(:,:,348) =
    0.8233    0.1767    0.0000    0.0000
    0.0704    0.8314    0.0458    0.0524
    0.0029    0.1727    0.7283    0.0961
    0.0239    0.1761    0.4247    0.3753
ans(:,:,349) =
    0.8332    0.1640    0.0017    0.0011
    0.0720    0.8396    0.0432    0.0452
    0.0080    0.1468    0.7417    0.1035
    0.0573    0.1458    0.4016    0.3954
ans(:,:,350) =
    0.8433    0.1541    0.0000    0.0025
    0.0718    0.8353    0.0388    0.0541
    0.0056    0.1308    0.7121    0.1515
    0.0301    0.2411    0.3347    0.3941
ans(:,:,351) =
    0.8380    0.1526    0.0000    0.0094
    0.0772    0.8212    0.0445    0.0571
    0.0000    0.1097    0.7384    0.1519
    0.0438    0.2570    0.2929    0.4063
ans(:,:,352) =
    0.8524    0.1384    0.0000    0.0093
    0.0828    0.8219    0.0374    0.0579
    0.0001    0.1239    0.7414    0.1347
    0.0442    0.2645    0.2906    0.4007
ans(:,:,353) =
    0.8318    0.1514    0.0017    0.0152
    0.0965    0.7987    0.0490    0.0558
    0.0001    0.1419    0.7565    0.1015
    0.0561    0.2469    0.2812    0.4158
ans(:,:,354) =
    0.8585    0.1255    0.0000    0.0161
    0.0737    0.8247    0.0538    0.0478
    0.0043    0.1338    0.7517    0.1103
    0.0552    0.2095    0.3447    0.3907
ans(:,:,355) =
    0.8650    0.1210    0.0002    0.0137
    0.0538    0.8516    0.0537    0.0408
    0.0000    0.1394    0.7386    0.1220
    0.0638    0.1664    0.3336    0.4362
ans(:,:,356) =
    0.8531    0.1353    0.0000    0.0115
    0.0638    0.8422    0.0505    0.0435
    0.0001    0.1306    0.7390    0.1303
    0.0680    0.1831    0.3601    0.3888
ans(:,:,357) =
    0.8555    0.1346    0.0000    0.0099
    0.0642    0.8315    0.0617    0.0427
    0.0000    0.1187    0.7440    0.1373
    0.0428    0.2083    0.3409    0.4080
ans(:,:,358) =
    0.8300    0.1563    0.0003    0.0134
    0.0633    0.8550    0.0457    0.0361
    0.0020    0.0979    0.7541    0.1460
    0.0352    0.2404    0.3500    0.3744
ans(:,:,359) =
    0.8372    0.1521    0.0000    0.0107
    0.0529    0.8580    0.0500    0.0391
    0.0000    0.0999    0.7565    0.1436
    0.0491    0.1908    0.3868    0.3733
ans(:,:,360) =
    0.8371    0.1580    0.0000    0.0049
    0.0618    0.8510    0.0419    0.0453
    0.0028    0.1240    0.7674    0.1058
    0.0315    0.2398    0.3298    0.3990
ans(:,:,361) =
    0.8285    0.1710    0.0000    0.0005
    0.0575    0.8432    0.0584    0.0409
    0.0010    0.1431    0.7874    0.0685
    0.0487    0.1818    0.2979    0.4716
ans(:,:,362) =
    0.8480    0.1509    0.0002    0.0009
    0.0460    0.8683    0.0384    0.0473
    0.0002    0.1233    0.7762    0.1003
    0.0383    0.2145    0.3465    0.4007
ans(:,:,363) =
    0.8738    0.1262    0.0000    0.0000
    0.0480    0.8642    0.0430    0.0449
    0.0001    0.1044    0.8031    0.0923
    0.0428    0.2393    0.3393    0.3786
ans(:,:,364) =
    0.8767    0.1219    0.0000    0.0014
    0.0500    0.8589    0.0380    0.0532
    0.0000    0.0966    0.7616    0.1418
    0.0162    0.2651    0.3066    0.4121
ans(:,:,365) =
    0.8818    0.1179    0.0000    0.0003
    0.0553    0.8429    0.0453    0.0565
    0.0000    0.1278    0.7413    0.1309
    0.0328    0.2239    0.3178    0.4255
ans(:,:,366) =
    0.8719    0.1238    0.0040    0.0003
    0.0524    0.8369    0.0577    0.0530
    0.0001    0.1232    0.7533    0.1234
    0.0412    0.2113    0.3188    0.4287
ans(:,:,367) =
    0.8623    0.1362    0.0006    0.0008
    0.0575    0.8330    0.0578    0.0517
    0.0000    0.1435    0.7607    0.0958
    0.0108    0.2617    0.3011    0.4265
ans(:,:,368) =
    0.8676    0.1289    0.0000    0.0035
    0.0590    0.8372    0.0463    0.0575
    0.0000    0.1497    0.7511    0.0993
    0.0217    0.2680    0.3370    0.3732
ans(:,:,369) =
    0.8646    0.1354    0.0000    0.0001
    0.0550    0.8473    0.0464    0.0514
    0.0001    0.1290    0.7734    0.0975
    0.0114    0.2397    0.3182    0.4308
ans(:,:,370) =
    0.8573    0.1427    0.0000    0.0000
    0.0688    0.8319    0.0438    0.0556
    0.0003    0.1098    0.7768    0.1131
    0.0133    0.2964    0.2492    0.4411
ans(:,:,371) =
    0.8561    0.1436    0.0000    0.0002
    0.0463    0.8546    0.0411    0.0580
    0.0019    0.1036    0.7739    0.1206
    0.0056    0.2644    0.2664    0.4635
ans(:,:,372) =
    0.8708    0.1292    0.0000    0.0000
    0.0560    0.8496    0.0348    0.0596
    0.0000    0.1121    0.7800    0.1078
    0.0063    0.2152    0.3494    0.4291
ans(:,:,373) =
    0.8688    0.1311    0.0000    0.0001
    0.0562    0.8572    0.0389    0.0476
    0.0018    0.1226    0.7728    0.1027
    0.0066    0.2088    0.3281    0.4565
ans(:,:,374) =
    0.8786    0.1196    0.0005    0.0013
    0.0465    0.8611    0.0397    0.0528
    0.0030    0.1091    0.7743    0.1136
    0.0010    0.2606    0.2941    0.4443
ans(:,:,375) =
    0.8537    0.1448    0.0007    0.0008
    0.0563    0.8522    0.0395    0.0520
    0.0002    0.1022    0.7701    0.1275
    0.0030    0.2815    0.2862    0.4293
ans(:,:,376) =
    0.8487    0.1453    0.0014    0.0046
    0.0575    0.8559    0.0359    0.0507
    0.0000    0.0933    0.7946    0.1121
    0.0031    0.2240    0.3386    0.4343
ans(:,:,377) =
    0.8431    0.1483    0.0000    0.0086
    0.0553    0.8539    0.0348    0.0559
    0.0000    0.0887    0.7791    0.1322
    0.0002    0.2444    0.2967    0.4587
ans(:,:,378) =
    0.8523    0.1442    0.0001    0.0034
    0.0748    0.8320    0.0411    0.0521
    0.0001    0.1243    0.7598    0.1158
    0.0000    0.2290    0.2709    0.5001
ans(:,:,379) =
    0.8705    0.1219    0.0036    0.0040
    0.0655    0.8396    0.0445    0.0504
    0.0003    0.1272    0.7553    0.1172
    0.0000    0.2353    0.3258    0.4389
ans(:,:,380) =
    0.8796    0.1173    0.0020    0.0012
    0.0494    0.8475    0.0562    0.0469
    0.0001    0.1070    0.7905    0.1024
    0.0000    0.2448    0.2958    0.4593
ans(:,:,381) =
    0.9006    0.0975    0.0000    0.0019
    0.0392    0.8577    0.0484    0.0547
    0.0004    0.1191    0.7743    0.1063
    0.0003    0.2833    0.2605    0.4559
ans(:,:,382) =
    0.8903    0.1068    0.0023    0.0006
    0.0494    0.8596    0.0500    0.0410
    0.0000    0.1016    0.7814    0.1169
    0.0000    0.2573    0.2672    0.4755
ans(:,:,383) =
    0.8826    0.1150    0.0007    0.0017
    0.0727    0.8199    0.0518    0.0556
    0.0000    0.1189    0.7598    0.1213
    0.0018    0.2595    0.2748    0.4638
ans(:,:,384) =
    0.8688    0.1283    0.0002    0.0028
    0.0646    0.8422    0.0338    0.0595
    0.0000    0.1221    0.7577    0.1202
    0.0002    0.2692    0.3266    0.4040
ans(:,:,385) =
    0.8593    0.1379    0.0000    0.0028
    0.0552    0.8427    0.0445    0.0576
    0.0000    0.1416    0.7519    0.1065
    0.0055    0.2397    0.3586    0.3962
ans(:,:,386) =
    0.8695    0.1225    0.0000    0.0080
    0.0581    0.8436    0.0540    0.0443
    0.0000    0.1296    0.7649    0.1055
    0.0135    0.2448    0.3319    0.4099
ans(:,:,387) =
    0.8607    0.1290    0.0001    0.0102
    0.0581    0.8363    0.0569    0.0486
    0.0000    0.1284    0.7660    0.1056
    0.0158    0.2562    0.2481    0.4799
ans(:,:,388) =
    0.8478    0.1438    0.0004    0.0080
    0.0611    0.8452    0.0474    0.0463
    0.0000    0.1461    0.7649    0.0890
    0.0228    0.2643    0.2311    0.4818
ans(:,:,389) =
    0.8778    0.1148    0.0019    0.0055
    0.0747    0.8141    0.0543    0.0570
    0.0000    0.1504    0.7568    0.0927
    0.0090    0.2427    0.3283    0.4200
ans(:,:,390) =
    0.8555    0.1330    0.0058    0.0058
    0.0711    0.8233    0.0544    0.0513
    0.0000    0.1458    0.7355    0.1187
    0.0228    0.2832    0.2541    0.4400
ans(:,:,391) =
    0.8622    0.1283    0.0074    0.0022
    0.0659    0.8146    0.0570    0.0626
    0.0011    0.1443    0.7672    0.0874
    0.0271    0.2096    0.3001    0.4633
ans(:,:,392) =
    0.8585    0.1346    0.0005    0.0063
    0.0645    0.8363    0.0507    0.0485
    0.0002    0.1497    0.7479    0.1022
    0.0531    0.2107    0.2784    0.4578
ans(:,:,393) =
    0.8608    0.1269    0.0022    0.0102
    0.0806    0.8016    0.0682    0.0496
    0.0000    0.1359    0.7243    0.1397
    0.0612    0.2249    0.2530    0.4609
ans(:,:,394) =
    0.8432    0.1446    0.0001    0.0121
    0.0678    0.8311    0.0495    0.0516
    0.0003    0.1304    0.7326    0.1367
    0.0585    0.2064    0.2859    0.4493
ans(:,:,395) =
    0.8289    0.1518    0.0003    0.0191
    0.0702    0.8255    0.0627    0.0417
    0.0002    0.1461    0.7298    0.1239
    0.0273    0.2617    0.3112    0.3998
ans(:,:,396) =
    0.8378    0.1559    0.0000    0.0063
    0.0687    0.8295    0.0663    0.0355
    0.0001    0.1584    0.7249    0.1167
    0.0217    0.2223    0.3561    0.3998
ans(:,:,397) =
    0.8514    0.1395    0.0000    0.0090
    0.0738    0.8263    0.0589    0.0411
    0.0001    0.1400    0.7527    0.1072
    0.0127    0.2067    0.3823    0.3983
ans(:,:,398) =
    0.8488    0.1455    0.0000    0.0057
    0.0743    0.8121    0.0608    0.0528
    0.0000    0.1522    0.7292    0.1186
    0.0239    0.2845    0.3047    0.3869
ans(:,:,399) =
    0.8467    0.1396    0.0001    0.0136
    0.0862    0.8095    0.0593    0.0450
    0.0000    0.1368    0.7522    0.1110
    0.0420    0.2335    0.3868    0.3377
ans(:,:,400) =
    0.8240    0.1645    0.0000    0.0115
    0.0789    0.8124    0.0622    0.0464
    0.0000    0.1838    0.7242    0.0919
    0.0547    0.2611    0.2588    0.4254
